Flake Detection Statistics
==========================

Technique: v055
V threshold: 0.55, S threshold: 0.15
Hue range: 15.0-80.0
Min area: 50px
Open radius: 2, Close radius: 4

Total flake area: 54229 px
Total image area: 19961856 px
Coverage: 0.27%
Detected components: 87

Area stats: min=50, max=27239, mean=623.3, median=63.0

  #   Area(px)  Width Height    CenterX    CenterY
-------------------------------------------------------
  1      27239    300    705     2953.3     1555.1
  2        917     32     71     2820.5     1289.6
  3        268     35     16     2861.9     1268.8
  4         50     15      6     3629.5     1265.3
  5         51     11     13     3375.9     1285.7
  6        518     39     46     2768.4     1455.6
  7       1125     47     81     2769.5     1510.7
  8         57     15      7     3726.0     1527.0
  9         75     19     12     2724.6     1536.9
 10        382     44     30     2716.3     1582.1
 11         53     11      8     2688.9     1598.6
 12      14137    214    278     2676.3     1749.1
 13         94     10     15     2834.1     1607.6
 14        126     11     19     2716.1     1631.7
 15         86     17      8     2681.7     1635.3
 16         77     14     10     3784.0     1656.1
 17         68     17     12     2660.2     1663.4
 18        675     36     57     2633.9     1749.4
 19         52      7     15     3240.0     1755.3
 20         79     15     15     3589.5     1786.9
 21         56     11     15     4145.9     1852.0
 22       3801    165     59     2656.4     1929.4
 23         77      9     17     4394.8     1941.9
 24         61      7     16     3879.8     2088.7
 25         71      9     13     4413.2     2098.1
 26         64     13     14     3238.8     2173.5
 27         58      6     15     4579.4     2246.5
 28         53      8     12     3498.3     2251.3
 29        105     16     16     4208.6     2300.1
 30         55     12      9     4512.2     2315.7
 31         73     12     18     4197.3     2331.3
 32         85     17     12     3835.8     2335.4
 33         64      7     14     4118.1     2370.8
 34         50     10      7     4138.5     2397.2
 35         50     12     11      231.9     2402.0
 36         53     11     10     1658.9     2407.7
 37         50      9     12     3522.2     2413.3
 38         76     12     15     4657.1     2415.8
 39         52      7     14     3391.3     2421.9
 40         50     17     10     3897.6     2440.2
 41         61     17      7     3323.3     2450.5
 42         55      5     15     4718.0     2475.9
 43         63     14      8     4378.8     2475.1
 44         89     14     17     4250.5     2511.1
 45         52      6     12     3352.7     2512.2
 46         86     20      9     4178.4     2552.5
 47         94     12     14     3955.8     2571.3
 48         58      7     13     4770.6     2627.3
 49         79     11     16     3607.1     2641.8
 50         69     13     12     4536.8     2722.9
 51         52     10     15     5135.7     2734.3
 52         67     13      9     3256.2     2741.4
 53         63      7     13     3887.3     2757.3
 54         57     15     10     4094.2     2755.4
 55         75     14     12     4236.6     2783.4
 56         64     13     14     3995.3     2793.6
 57         50     13     11     4425.1     2807.7
 58         57      7     10     3412.3     2858.5
 59         60     12     13     3714.2     2868.2
 60         55      9     14     4110.1     2884.0
 61         68     10     12     2676.9     2886.4
 62         68     18     12     4070.6     2897.6
 63         80      8     17     3459.0     2910.3
 64         61      7     11     4128.3     2922.2
 65         58     17      9     3693.2     2929.2
 66         63     12     12     1139.3     2942.1
 67         50     16      8     5325.3     2953.4
 68         55     11     13     4199.9     2965.3
 69         52     14      6     3567.0     2966.8
 70         54     15      6     4745.7     2992.6
 71         67     16      7     4169.9     3000.3
 72         69     14     15     4833.1     3006.9
 73        105     14     14     5203.7     3017.0
 74         58      9     15     2267.3     3056.4
 75         50     14      6     3704.8     3050.3
 76         93     15     22     4235.6     3116.0
 77         56     12     11     3516.5     3112.2
 78         52     16      9     4728.1     3116.8
 79         64     11     13     4959.0     3225.2
 80         61      9     11     3444.4     3273.3
 81         61      8     15     4471.5     3301.9
 82         58     16      6     4046.1     3302.8
 83         60     11     16     3899.8     3364.8
 84         99     15     13     3720.7     3415.8
 85         76     14     13     5160.2     3513.7
 86         60     15      7     3662.2     3533.6
 87         92     13     15     4343.4     3638.4
