Flake Detection Statistics
==========================

Technique: v055
V threshold: 0.55, S threshold: 0.15
Hue range: 15.0-80.0
Min area: 50px
Open radius: 2, Close radius: 4

Total flake area: 897529 px
Total image area: 19961856 px
Coverage: 4.50%
Detected components: 82

Area stats: min=51, max=781928, mean=10945.5, median=107.5

  #   Area(px)  Width Height    CenterX    CenterY
-------------------------------------------------------
  1       8978    151    117     3007.1      213.8
  2        777     99     34     3495.5      220.7
  3         76     11     22     3110.9      222.1
  4        291     14     36     3445.8      261.8
  5        201     27     28     3465.2      336.5
  6        233     25     24     3420.8      340.0
  7         87      9     15     3484.9      374.7
  8        110     17     12     3345.2      383.5
  9         72      8     12     3483.6      397.7
 10        237     14     25     3641.0      408.8
 11        104      9     17     3482.4      420.2
 12         70      6     15     3484.5      458.8
 13     781928    812   1551     2467.7     1165.8
 14        107     18     18     2884.2      584.2
 15        316     24     30     2882.1      630.4
 16        155     12     22     3621.6      631.6
 17         66      8     14     2217.2      682.5
 18        135     18     13     3728.4      934.4
 19         52      6     12     3602.6      976.3
 20        108     21     13     2081.5     1134.7
 21         81     16     13     3827.9     1180.8
 22         70     15     14     3905.5     1246.6
 23        104     12     16     3970.9     1348.9
 24         61      9     16     3986.0     1378.3
 25         58      7     12     2104.7     1376.9
 26        274     21     41     3973.6     1476.5
 27        112     23     13     3904.3     1562.8
 28        198     32     18     3844.1     1596.9
 29        236     19     31     3828.9     1625.7
 30         58      7     12     2191.4     1634.0
 31         56      9     11     3817.9     1660.8
 32         73     12     10     3811.9     1687.2
 33        171     23     20     3803.6     1712.1
 34        111     16     17     3787.3     1757.5
 35        177     24     20     2529.9     1798.5
 36         72     16     14     3016.7     1796.8
 37         58     11      9     2598.3     1807.8
 38         60     10     11     3751.4     1811.8
 39        136     19     12     2539.8     1820.2
 40        214     22     29     3734.0     1831.4
 41         53     13     12     2862.9     1841.8
 42         58      7     16     3014.0     1844.3
 43        185     30     20     2766.7     1862.5
 44         55     16      8     2860.1     1857.4
 45        138     14     15     3712.1     1863.8
 46        136     21     19     2515.9     1886.2
 47         57     13      7     3683.9     1890.0
 48         62     17     11     2601.6     1895.7
 49         84     14     12     3626.1     1921.8
 50        213     25     18     2461.4     1934.2
 51        178     28     17     3600.1     1937.6
 52         84     11     15     2814.0     1942.5
 53      93023    966    443     2601.4     2228.2
 54         65     16     13     2570.6     2019.0
 55        816     69     51     2607.8     2084.4
 56         90     10     13     3193.4     2064.1
 57        899     78     34     2677.1     2081.0
 58        160     21     19     2733.5     2104.3
 59         56     11     14     2613.7     2111.6
 60        182     17     24     2521.1     2119.2
 61        135     15     20     2655.4     2123.0
 62        512     39     27     2602.1     2138.3
 63        184     24     19     2636.8     2133.3
 64       1042     65     65     2729.5     2155.7
 65         53     17      7     2505.6     2137.8
 66         92     17     12     2683.0     2145.5
 67        590     67     35     2541.0     2157.1
 68         86     16     14     2641.1     2159.2
 69        160     23     25     2679.0     2165.3
 70         64     17      9     2617.5     2161.9
 71         85     10     15     2595.5     2175.7
 72        158     18     15     2635.9     2179.0
 73         64     15     13     2611.8     2191.4
 74         55      8     11     2502.5     2191.0
 75         57     15      8     2565.5     2196.5
 76         52      7     10     2658.6     2198.0
 77        128     19     21     2689.9     2200.0
 78         51     14     11     2516.6     2200.0
 79        261     15     22     3341.1     2222.5
 80         65      9     10     2673.9     2279.9
 81        498     40     54     5268.3     2603.4
 82         60     14      7     5425.8     2924.9
