Flake Detection Statistics
==========================

Technique: v055
V threshold: 0.55, S threshold: 0.15
Hue range: 15.0-80.0
Min area: 50px
Open radius: 2, Close radius: 4

Total flake area: 1595806 px
Total image area: 19961856 px
Coverage: 7.99%
Detected components: 210

Area stats: min=50, max=1467325, mean=7599.1, median=102.0

  #   Area(px)  Width Height    CenterX    CenterY
-------------------------------------------------------
  1         75     11      9     2182.7        3.4
  2      20271    316    538     1697.7      177.7
  3         85     12     20     2011.1       96.7
  4        191     22     26     1951.8      141.5
  5         53     11      8     2236.8      142.4
  6       1290     74     44     2185.7      163.3
  7        190     27     21     2238.1      174.1
  8        142     13     21     1645.3      230.6
  9         87     20      8     2453.3      224.0
 10         60     10     11     3331.9      325.5
 11       1980     84    193     1713.5      440.5
 12        112     12     22     2654.8      368.7
 13         70     12     13     2673.3      370.3
 14         57      7     12     2722.9      389.7
 15         53     11     10     2676.0      399.3
 16        208     14     24     2836.6      407.3
 17        215     24     22     2704.7      411.0
 18        366     31     25     2732.8      418.6
 19        276     43     18     2763.8      441.9
 20    1467325   2166   2170     2800.8     1552.0
 21         52      8     12     2828.3      473.8
 22        232     19     32     2711.2      501.9
 23         53     18      6     1669.8      499.6
 24        101     11     17     2719.6      559.9
 25         54     14      6     2866.1      560.7
 26       3637    116    176     1716.8      666.2
 27         59      7     12     2926.4      594.9
 28        114     17     18     3009.1      619.3
 29        287     26     28     2723.5      631.5
 30        720     51     88     1675.6      672.9
 31         90     16     11     3078.7      653.8
 32         52      7     14     3115.3      704.9
 33        174     25     24     1712.2      737.2
 34        205     31     20     1743.3      756.7
 35        150     26     17     1774.4      772.7
 36         53      6     13      819.7      812.4
 37         67      7     15     1782.0      824.0
 38        438     35     22     3798.2      835.6
 39        126     15     22     1789.8      841.9
 40        108     20     11     2546.4      837.6
 41        106     13     14     4128.3      843.2
 42        104     22     10     2764.6      846.9
 43       2137     63     95     1806.8      891.7
 44        182     46      7     2845.4      856.1
 45         98     17     12     1784.0      862.8
 46         76     10     14     2883.6      866.7
 47        125     21      9     4044.9      867.2
 48         91     13     14     2922.0      871.6
 49        508     19     53     4088.0      893.3
 50        145     17     17     4013.3      880.4
 51        708     68     76     2940.1      925.2
 52         58      7     18     2701.9      906.7
 53        386     26     27     3890.3      927.1
 54        280     36     47     3996.9      939.1
 55        196     32     14     4042.0      957.2
 56       1034     82     94     1825.9      995.9
 57        137     32     15     2837.0      962.9
 58       1420    106     61      721.9      979.1
 59         53     16     11     1769.1      963.1
 60        454     91     18     2759.2      981.9
 61         55     11      7     1786.3      980.3
 62        163     21     19      660.4     1007.5
 63        798     76     43      717.8     1036.9
 64        607     30     38     1878.4     1073.2
 65         78     11     17      732.4     1062.3
 66         53     11     12     1846.8     1059.9
 67        670     85     27     1942.2     1116.4
 68        638     69     35     2030.4     1122.3
 69        333     40     33     2088.3     1122.3
 70        335     23     22     2122.4     1119.1
 71        155     27     15     1983.8     1129.3
 72         71     14     17     2329.6     1138.4
 73         51      9     13     2139.9     1142.2
 74         69     14      8     2283.7     1140.5
 75         52     14      6     2205.2     1141.6
 76         54      7     11     2054.0     1144.8
 77         86     19      7     3442.8     1274.3
 78         52     14      7     4679.0     1335.3
 79        175     26     36     4724.4     1352.9
 80         86      8     17     4666.7     1347.1
 81         59      9      9     2088.6     1409.4
 82         50      7     10     2781.1     1452.3
 83         66     10     15     2195.4     1461.1
 84        936     38     57     3484.9     1563.8
 85        123     14     16     2080.7     1574.7
 86        400     27     30     2076.4     1599.5
 87        121     31     12     4785.0     1643.3
 88      43068    281    316     1367.7     1809.6
 89        205     29     32     4822.4     1662.8
 90         71     13     11     1362.2     1657.0
 91         80     17      9     2030.0     1656.8
 92         81     12      9     4752.0     1660.2
 93        426     44     54     2014.8     1684.0
 94        434     34     43     2167.2     1692.2
 95         90     12     17     4756.9     1681.0
 96         51     11      8     2855.7     1678.0
 97        123     13     18     1986.4     1684.5
 98         78     13      9     2182.3     1682.8
 99        159     34     14     4851.4     1698.5
100        214     24     24     2090.5     1706.8
101        514     63     54     4931.0     1721.7
102         90     15     13     4778.2     1704.2
103        146     29     12     1998.2     1735.7
104         73     13     13     2032.9     1738.8
105        390     32     52     4774.3     1761.0
106         52     10     10     2112.6     1748.7
107         84      9     14     1953.6     1752.9
108         55     10      9     2082.3     1750.7
109         56     19      6     3437.4     1755.4
110        298     42     35     2081.6     1766.8
111        119     10     18     4960.9     1762.6
112         77     14     15     2055.9     1769.9
113        120     24     14     2031.8     1774.6
114         89     13     10     2117.2     1778.4
115        129     11     25     4971.4     1792.3
116        150     18     22     2006.2     1797.1
117        127      7     29     4757.6     1807.3
118         79     10     18     1803.5     1808.1
119        119     20     16     2037.3     1806.5
120         58      7     15     1787.2     1808.4
121       2068     70     56     4839.0     1838.5
122        169      9     29     4984.4     1827.0
123        128     20     20     2067.7     1825.4
124        192     19     29     1949.2     1839.7
125        214     35     20     2009.5     1835.9
126         61     12      7     1977.2     1840.4
127        190     18     30     4749.4     1851.3
128         79     12     12     2388.4     1849.4
129        210     33     31     2070.5     1868.4
130         53      8     10     2363.3     1864.1
131         57     14      7     1917.0     1867.9
132         89     10     24     1934.2     1881.0
133         62     13     10     2035.1     1872.2
134        106     10     25     2100.6     1894.1
135        148     16     27     4749.8     1897.1
136        108     10     19     1934.5     1919.5
137         69     14     12     1984.1     1921.2
138        119     14     17     2102.4     1926.0
139         87     19     10     2770.4     1933.0
140         89     18     12     1970.5     1942.1
141         66     12     16     2086.3     1943.7
142         97     14     13     2116.2     1945.7
143         85     11     14     2695.8     1956.8
144         50      5     14     1703.0     1958.5
145        132     17     20     1914.8     1966.0
146         67      8     11     1867.5     1965.5
147         50     17      6     2079.5     1975.7
148         61      8     17     1954.7     2004.0
149        540     24     52     3489.4     2048.4
150        330     44     21     1994.7     2032.2
151         51      9      9     1906.6     2033.4
152         93     11     17     2064.0     2061.7
153         69      7     15     1962.5     2065.8
154         56     12     14     1973.5     2085.7
155        160     13     20     3484.5     2089.0
156         78     16     12     1558.2     2166.6
157         74     12     14     1971.6     2167.3
158        127     14     22     3120.3     2189.4
159         65     12      9     1555.5     2186.3
160         92     17     12     3106.0     2210.1
161       9234    185    399     2538.0     2390.6
162        136     26     10     1776.8     2247.5
163         95      8     20     3401.9     2275.0
164         82     15     14     3359.2     2278.6
165         58     14      7     2545.9     2276.4
166         51      9      8     4525.0     2282.5
167        219     23     28     3382.8     2293.4
168         72      8     16     4510.9     2311.4
169        113     17     13     1887.2     2326.3
170        223     32     15     1356.7     2338.5
171        266     34     23     3333.5     2342.9
172       2787    117    139     1335.3     2412.4
173         63     14      8     3246.3     2357.6
174         54      9      8     3294.4     2358.3
175        117     20     15     3294.4     2387.3
176         96     15     14     2441.2     2423.0
177        126     17     13     3756.6     2483.5
178        700     47     40     3713.1     2504.3
179         59     14     11     1276.1     2498.8
180         54     12     10     3737.7     2508.5
181         96     17      9     1379.0     2532.3
182         72     16      7     1374.5     2546.8
183        222     22     20     1391.0     2560.5
184         60     13     12     3039.6     2559.9
185         94     16     10     2575.4     2577.4
186       5006    211    142     2874.6     2638.9
187        232     25     26     1408.5     2595.3
188         54     12     12     2983.1     2604.2
189        103     21     16     2636.0     2622.4
190         60     13     12     2952.1     2626.8
191         82     17     14     2628.3     2652.3
192        565     24     58     2660.5     2673.2
193         89     11     16     2765.9     2711.5
194         66     11     11     2670.6     2712.0
195        302     38     20     2728.2     2718.7
196         71      8     12     2769.5     2730.1
197         83     16     14      988.4     2745.8
198         95     14     13      991.5     2766.2
199         79      7     17     1021.9     2784.6
200       1444     57     58     1574.5     2837.3
201         80     16     10     1615.2     2827.0
202       1445     71     68     1637.5     2867.2
203         76     16     13     1529.5     2862.0
204         51     10     10     1588.2     2868.4
205         65      7     12     1637.3     2907.1
206        494     36     34     1675.5     2919.7
207         55     11     13     1728.9     3013.3
208         52     15      6     1728.4     3030.2
209        614     29     38     5458.2     3296.3
210        336     44     27     1399.7     3388.8
