Flake Detection Statistics
==========================

Technique: v055
V threshold: 0.55, S threshold: 0.15
Hue range: 15.0-80.0
Min area: 50px
Open radius: 2, Close radius: 4

Total flake area: 156449 px
Total image area: 19961856 px
Coverage: 0.78%
Detected components: 55

Area stats: min=50, max=139902, mean=2844.5, median=125.0

  #   Area(px)  Width Height    CenterX    CenterY
-------------------------------------------------------
  1        156     15     15     1458.3     1530.1
  2         82     18      8     2379.8     1611.0
  3        362     46     32     2417.3     1632.7
  4        304     26     33     2299.2     1641.5
  5        921    115     31     2151.1     1695.1
  6     139902    813    443     2579.6     1890.0
  7       1533     91     86     1979.0     1731.2
  8         56      6     13     2142.7     1752.1
  9        165     28     23     1788.4     1877.8
 10        420     26     47     1813.6     1912.4
 11        224     27     22     1715.7     1903.7
 12         93     11     14     1742.1     1916.5
 13         75     16      7     1785.2     1915.8
 14         84     13     12     2973.8     1919.9
 15         95     11     13     1849.4     1927.8
 16        188     18     17     1909.1     1941.6
 17         68     16     10     1692.9     1957.9
 18        345     20     24     1631.0     1970.8
 19         51      5     13     1809.0     1969.9
 20         50     12      9     1682.7     2005.0
 21        167     16     14     1355.7     2025.8
 22        125     14     14     1521.3     2029.3
 23        435     27     28     1721.4     2045.9
 24        359     20     23     1315.6     2084.1
 25        113     16     11     1634.9     2098.4
 26         51      9      8     1547.8     2152.9
 27         92     18     16     1580.2     2161.3
 28         52     15     10     1537.3     2177.2
 29        142     15     15     1523.7     2201.5
 30       2291     72    112     1552.2     2269.1
 31        105     13     15     1503.8     2235.0
 32         53     12     12     1488.6     2257.2
 33        112     16     12     1426.1     2278.2
 34         74      6     19     1498.7     2293.2
 35        337     20     34     1408.3     2344.7
 36        219     18     19     1290.3     2688.2
 37         72     12     10     2147.0     2832.7
 38        110     20     15     1872.1     3090.2
 39         79     16     10     1853.5     3130.8
 40         50      9     14     4625.8     3162.4
 41         67     15     14     1820.6     3237.6
 42       2729     55    125     2107.5     3347.0
 43        361     20     53     1787.8     3347.5
 44         77     11     10     2153.9     3386.5
 45        348     19     50     1772.7     3411.0
 46        183     18     16     2147.4     3406.6
 47        979     55     39     2120.4     3442.9
 48        320     18     47     1761.7     3487.6
 49        289     18     23     1972.6     3490.4
 50         88     13     10     2083.3     3485.5
 51        155     13     26     1756.2     3541.4
 52         52      9      8     1788.9     3533.5
 53         68     10      9     2062.2     3562.3
 54         52     11     12     2050.3     3575.2
 55        469     22     55     2045.2     3623.4
