Flake Detection Statistics
==========================

Technique: v070
V threshold: 0.7, S threshold: 0.2
Hue range: 20.0-70.0
Min area: 50px
Open radius: 2, Close radius: 4

Total flake area: 1200693 px
Total image area: 19961856 px
Coverage: 6.01%
Detected components: 28

Area stats: min=53, max=532393, mean=42881.9, median=87.0

  #   Area(px)  Width Height    CenterX    CenterY
-------------------------------------------------------
  1        125     17     17     1208.9        6.0
  2        419     40     41     1237.7       16.6
  3     306442   1710   3648     2065.2     1616.6
  4        487     75     73     1176.3       85.4
  5         63     10      9     1161.4       59.4
  6         84     13     11     1122.9      110.3
  7        142     24     21     1098.9      125.9
  8     532393   1196   3526      793.9     1067.6
  9        799     68     70     1029.0      202.8
 10     358149    617   1538     2572.9     1306.8
 11         60      9     12      751.9      560.3
 12         70     11     15      653.6      704.8
 13         85     23     13     1996.8      807.2
 14         53     10     13     1152.5      910.7
 15         56      8     15      487.8     1095.8
 16         73     14      8      932.5     1107.6
 17        128     20     15      917.5     1117.0
 18         71      9     12      482.9     1162.4
 19         85      8     16     2027.6     1218.0
 20         89     10     20      475.2     1239.2
 21        101     13     15      471.6     1267.4
 22        136     18     21      639.0     1355.0
 23         61      9     16     2831.5     1675.0
 24         70     17      8     2281.5     1683.2
 25         84     10     14      157.1     1689.8
 26         67     10     13      157.7     1710.9
 27        122      9     22      161.1     1734.3
 28        179     14     35      170.8     1792.6
