Flake Detection Statistics
==========================

Technique: v070
V threshold: 0.7, S threshold: 0.2
Hue range: 20.0-70.0
Min area: 50px
Open radius: 2, Close radius: 4

Total flake area: 334952 px
Total image area: 19961856 px
Coverage: 1.68%
Detected components: 72

Area stats: min=50, max=231690, mean=4652.1, median=112.5

  #   Area(px)  Width Height    CenterX    CenterY
-------------------------------------------------------
  1       9941    688    129      363.4      831.5
  2        184     36     21      664.2      797.1
  3       1010     60    100      728.2      848.1
  4        554     39     64      766.0      839.0
  5         70     15      8      628.8      810.5
  6         66     15      7      594.0      818.8
  7         92     22      7      536.4      829.0
  8         90     26      9      462.1      842.4
  9         68     13      8      421.8      849.3
 10         68     15      7      395.0      853.4
 11        109     24      9      362.1      857.9
 12         68     19      8      295.4      866.7
 13        174     45     10      224.8      877.3
 14         94     11     11      784.6      882.7
 15        121     30     10      130.5      890.6
 16        115     28     10       69.8      900.7
 17      51200   2086    679     1721.1     1438.6
 18        158      7     26      745.9      915.5
 19        103     23      8       24.0      910.3
 20         62     11     13      752.9      999.0
 21        190     47     20     1045.6     1466.4
 22         77     21      6     1500.2     1524.3
 23         70     19      6     1532.4     1524.4
 24        110     33      6     1566.7     1525.1
 25         50     15      6     2393.8     1540.7
 26        105     31      7     2428.9     1542.6
 27        163     32     10     2751.7     1576.0
 28         76     16      9     2872.1     1577.7
 29         82     16      7     2909.7     1581.8
 30        892     38     48     2796.2     1607.4
 31         68     13      7     2975.3     1590.7
 32        152     47     11     3056.8     1601.1
 33         62     11      8     3120.2     1609.4
 34         73     14      8     3184.6     1619.8
 35         51     10     12     2769.1     1635.1
 36        159     13     31     2756.4     1666.7
 37        410     74     15     3152.0     1669.1
 38         54     14      6     3213.9     1673.7
 39        122     14     20     2724.1     1717.0
 40       2227    221    292     2608.6     1882.5
 41        339     36     32     2859.3     1798.4
 42     231690   1028    597     2792.1     2190.8
 43         97     16     18     2471.8     2055.3
 44        185     28     17     2565.2     2071.4
 45        157     23     14     2600.4     2069.1
 46         53      9     10     2454.3     2076.6
 47         61     10     10     2442.9     2090.6
 48        103     18     21     2427.5     2108.0
 49        248     30     22     2527.3     2111.2
 50        174     29     31     2402.1     2140.0
 51        210     21     27     2556.9     2148.5
 52        339     29     45     2476.8     2168.7
 53        110     12     21     2512.1     2161.3
 54        103     12     17     2538.5     2165.1
 55       1132    161    167     2305.1     2240.7
 56        319     36     28     2465.3     2199.0
 57         74     19      9     2528.4     2189.1
 58         97      9     15     2431.5     2221.7
 59         55     13      9     2482.1     2223.8
 60        184     16     25     2450.0     2242.3
 61         83     17     12     2398.6     2247.4
 62        173     29     20     2443.5     2274.8
 63         62     11     10     2211.9     2336.3
 64        523     78     43     2162.3     2364.7
 65        548    112     46     2060.3     2409.2
 66        280     59     29     1969.9     2444.7
 67         50     14      9     2043.8     2449.0
 68       1023    152    124     1861.8     2527.5
 69      26594   1838    126      938.3     2567.8
 70         90     15     12     1878.0     2555.6
 71        118     31      8     1689.4     2577.3
 72        138     31      6     1761.3     2585.2
