Flake Detection Statistics
==========================

Technique: v070
V>=0.7, S>=0.2, H=20.0-70.0
Min area: 50px, open=2, close=4

Total flake area: 58276 px
Image area: 4990464 px
Coverage: 1.17%
Detected: 21 flakes

Areas: min=60, max=19377, mean=2775.0, median=201.0

  #       Area     W     H    CenterX    CenterY
--------------------------------------------------
  1         89    19    10     2322.5       37.6
  2        346    47    26     2334.6       53.2
  3         91    17    15     1479.1      283.0
  4        180    18    22     1442.4      314.9
  5      19377   350   617     1223.0      641.0
  6        129    21    10      283.4      823.5
  7        510    36    40     2296.9      927.3
  8        121    10    19     1218.9      953.0
  9       1299   115    93     2388.2     1008.7
 10        201    15    27     1213.9      980.4
 11        955    99    65     2686.0     1000.3
 12       2006   131   128     2298.7     1051.7
 13        269    36    24     2220.8     1002.5
 14        110    28    13     2581.5      995.8
 15      18411   630   795     1452.6     1490.7
 16        175    22    16     2189.6     1031.6
 17         60    14    12     2163.2     1055.8
 18        861    61    48     2120.3     1087.4
 19        121    22    14     2431.9     1119.2
 20      12894   333   704     1930.1     1505.2
 21         71    11    11     2458.8     1133.4
