Flake Detection Statistics
==========================

Technique: v070
V threshold: 0.7, S threshold: 0.2
Hue range: 20.0-70.0
Min area: 50px
Open radius: 2, Close radius: 4

Total flake area: 133044 px
Total image area: 19961856 px
Coverage: 0.67%
Detected components: 45

Area stats: min=50, max=65649, mean=2956.5, median=112.0

  #   Area(px)  Width Height    CenterX    CenterY
-------------------------------------------------------
  1         86     11     13     2891.7     1510.9
  2        152     14     25     2868.9     1534.6
  3         70      9     16     2916.7     1537.5
  4         50     13      6     4092.5     1535.8
  5        233     17     18     2894.0     1544.1
  6       1100     90     86     4034.2     1596.8
  7        197     15     22     3971.6     1554.9
  8        315     35     24     4059.9     1557.8
  9         57     13      9     4327.0     1564.8
 10      59722    246    386     2900.9     1770.7
 11         55     12     13     2969.5     1584.7
 12         56      8     11     2987.5     1599.0
 13         80     14     10     3009.0     1624.0
 14         59     17     10     4148.0     1636.8
 15         92      7     20     3042.7     1674.5
 16        573     54     33     4134.8     1677.5
 17        346     39     43     4146.6     1720.3
 18        187     29     30     4121.9     1730.4
 19        265     37     39     4157.3     1768.7
 20        228     31     25     4195.8     1769.0
 21        292     32     26     4545.8     1793.5
 22        297     56     19     4911.3     1787.2
 23        353     33     29     4242.0     1801.9
 24         70     11     11     4185.1     1797.8
 25        135     14     24     4262.1     1832.5
 26         68     12     13     4233.4     1841.2
 27      65649    267    517     2797.7     2198.5
 28         51     16      6     4239.9     2148.3
 29         62     17     11     4073.5     2212.0
 30         54     10      8     4010.5     2240.4
 31        254     44     19     3947.7     2257.3
 32        112     30     13     3803.0     2308.9
 33         57     18     10     3758.2     2325.9
 34         81     12     11     3635.8     2360.6
 35         86     16     10     3525.7     2397.9
 36         77     11     12     2842.6     2408.0
 37        137     27     15     3382.8     2440.6
 38         87     14     11     3304.1     2469.8
 39         85     10     15     3242.0     2489.1
 40        113     18     13     2693.1     2495.7
 41        483     32     53     2685.3     2540.1
 42        245     33     22     3122.5     2527.1
 43        145     25     13     3070.6     2547.5
 44         62     18      6     3051.1     2559.2
 45         66     10     10      748.1     3323.6
