Flake Detection Statistics
==========================

Technique: v055
V threshold: 0.55, S threshold: 0.15
Hue range: 15.0-80.0
Min area: 50px
Open radius: 2, Close radius: 4

Total flake area: 1257424 px
Total image area: 19961856 px
Coverage: 6.30%
Detected components: 43

Area stats: min=52, max=553754, mean=29242.4, median=125.0

  #   Area(px)  Width Height    CenterX    CenterY
-------------------------------------------------------
  1        194     24     20     1206.7        7.6
  2        432     40     41     1237.5       16.7
  3     326238   1710   3648     2056.2     1620.9
  4        303     22     34     1181.3       36.9
  5        514     76     73     1175.7       85.8
  6        125     20     13     1159.1       59.4
  7        418     45     42     1111.8      116.3
  8     553754   1221   3526      795.0     1072.7
  9       1158     87     93     1033.1      198.4
 10         76     11     14      963.9      275.5
 11         99     17     14      926.8      312.0
 12         56     13      9      851.7      399.8
 13         86     11     17      839.3      414.9
 14         59      7     14      815.5      448.1
 15     370247    633   1553     2575.9     1306.4
 16         52     10     15      786.5      506.0
 17        141     17     22      752.0      562.6
 18        130     20     24      693.1      637.3
 19        157     20     25      650.5      710.4
 20         66      9     18      616.6      766.3
 21        122     17     18      568.6      837.6
 22         61      7     16      525.9      901.3
 23         53     10     13     1152.5      910.7
 24        151     15     27      511.6      944.9
 25        135     11     32      498.1     1013.5
 26         70      8     12      493.2     1042.2
 27         97      8     28      487.5     1101.5
 28         73     14      8      932.5     1107.6
 29        128     20     15      917.5     1117.0
 30        226     13     35      480.6     1172.6
 31         88      8     16     2027.8     1218.2
 32        285     15     47      473.9     1253.1
 33        137     18     21      638.9     1354.9
 34        109     18     17      356.6     1408.0
 35         57     11      9      279.2     1481.9
 36         52     14      8      200.1     1559.7
 37         59     12      8      191.5     1572.3
 38         77     15     11      164.5     1599.4
 39        496     17     67      158.9     1716.0
 40        375     26     53      165.4     1783.6
 41        126     14     18      176.2     1835.5
 42         75     17     21     2807.2     1940.7
 43         67     15      8     2613.4     2059.6
