Flake Detection Statistics
==========================

Technique: v070
V threshold: 0.7, S threshold: 0.2
Hue range: 20.0-70.0
Min area: 50px
Open radius: 2, Close radius: 4

Total flake area: 1313333 px
Total image area: 19961856 px
Coverage: 6.58%
Detected components: 74

Area stats: min=50, max=688210, mean=17747.7, median=104.0

  #   Area(px)  Width Height    CenterX    CenterY
-------------------------------------------------------
  1         81     17      7     2721.8      163.2
  2         59     10     11     2668.6      189.1
  3       1988     68     64     2716.8      212.1
  4       1058     35     79     2659.9      243.4
  5        621     64     57     2731.0      256.6
  6       4373    137    151     3277.5      512.5
  7        253     37     22     3316.8      437.8
  8       2619     74     88     3291.2      496.6
  9     267373   3774   1396     2869.2     1333.4
 10         72     11     12     3540.0      904.6
 11        663     59     28     3580.6      917.2
 12        304     33     17     3632.7      935.8
 13         68     17      8     3666.9      945.8
 14         59     10     10     3596.8      968.4
 15         67     15     10     3645.9      983.4
 16      21357   1154    457     4262.1     1174.4
 17         50     10      9     3938.0      993.8
 18         56     16      5     3749.0      994.0
 19        478     49     23     4945.4     1447.7
 20     688210   1676    845     2916.8     2241.6
 21        106     14     15     2901.4     1856.0
 22        263     24     28     2874.4     1874.2
 23       1745    110     61     3040.7     1903.3
 24        144     28     15     3795.5     1898.1
 25        170     22     22     2858.9     1901.7
 26         86     13     13     3119.8     1912.8
 27         54     15     10     2610.8     2039.7
 28         56     14      9     2258.7     2054.3
 29         51     16      6     2710.1     2072.7
 30       4984     98    103     2229.1     2180.8
 31         69     18     10     3753.2     2134.5
 32        296     26     41     2163.7     2156.5
 33         59     11      8     1998.9     2155.6
 34         63      9     10     3677.1     2169.9
 35        102     22     10     3647.7     2184.6
 36     273713   1462   1248     1043.0     2980.6
 37      14857    268    226     1795.7     2519.8
 38        790     61     56     1666.0     2475.9
 39      17154    400    227      264.4     2620.9
 40        127     17     14      448.2     2582.5
 41        159     15     25      546.3     2605.2
 42         58      9     12      530.8     2618.3
 43         68     11     16      951.6     2698.9
 44         60      9     13      986.9     2722.1
 45        159     21     24      244.8     2732.3
 46        131     20     12      267.6     2737.3
 47        247     34     21      197.7     2747.7
 48        138     19     12      131.9     2745.2
 49        117     19     17      110.5     2754.5
 50        146     34     21      282.2     2770.1
 51       5287     85    172       31.7     2830.5
 52        126     16     16       99.8     2776.9
 53         79     12     12     1023.2     2794.6
 54         71     13     10     1756.6     2822.8
 55         62     11     16     1768.3     2871.1
 56         68     15     14     1108.5     2893.9
 57         76     21      7     1753.6     2891.8
 58         57     11     12     1483.9     2909.4
 59         88     12     14        4.0     2944.1
 60        158     26     14     1420.3     2949.6
 61        123     19     17     1138.2     2994.7
 62         70     14     10     1202.6     2995.1
 63         53      9      9     1337.1     3011.7
 64        247     25     26     1166.9     3073.8
 65         65     13     11     1247.4     3100.0
 66         55     10     10     1496.5     3154.6
 67         85     19     14     1508.1     3164.1
 68        134     24     11     1000.6     3170.1
 69         92     10     14     1381.7     3253.9
 70         86     20     14     1375.5     3270.2
 71         59     12     11     1337.8     3298.9
 72         59     12     16      945.2     3384.6
 73         65      6     15     1263.6     3465.2
 74         87     10     15     1177.8     3541.3
