Flake Detection Statistics
==========================

Technique: v055
V threshold: 0.55, S threshold: 0.15
Hue range: 15.0-80.0
Min area: 50px
Open radius: 2, Close radius: 4

Total flake area: 203161 px
Total image area: 19961856 px
Coverage: 1.02%
Detected components: 92

Area stats: min=50, max=108916, mean=2208.3, median=75.0

  #   Area(px)  Width Height    CenterX    CenterY
-------------------------------------------------------
  1     108916   3219   1897     3744.1     2155.9
  2         93     14     16     3207.1     1553.9
  3        250     26     25     2707.9     1660.7
  4         59     10     16     2537.7     1663.6
  5        180     18     32     2683.3     1682.8
  6         91     15     11     2641.5     1679.5
  7         54     14      6     2717.9     1701.7
  8         69     10     15     2708.0     1728.2
  9      79637   2229   1924     3192.2     2699.4
 10        127     12     22     2787.0     1752.9
 11        213     25     31     2723.7     1765.1
 12         94     12     16     2350.6     1781.7
 13        109     25     14     2683.3     1793.3
 14         93     18     15     2776.3     1797.5
 15         77     19      8     2692.8     1814.3
 16         53      9     14     2619.9     1841.8
 17         66     15      7     2839.8     1848.9
 18         52     13      6     2424.5     1859.3
 19        113     12     27     2689.6     1888.8
 20         57     16      6     2727.8     1876.8
 21         97     11     16     2947.0     1880.8
 22        158     16     25     2930.6     1888.1
 23         83     11     13     2599.9     1911.9
 24         66     12     16     2982.5     1927.5
 25         56      7     13     2565.4     1957.0
 26         54     14     10     2593.6     1954.6
 27         61     13     12     2681.6     1960.2
 28         70     19      9     2641.3     1971.5
 29        119     20     11     2624.3     1990.3
 30         74     13     14     3774.3     2023.5
 31         82     11     16     2611.4     2039.5
 32        107     14     17     3821.6     2075.6
 33         87     12     14     3064.4     2083.9
 34         96     17     12     3090.5     2092.1
 35         73     16      8     3135.7     2099.6
 36         50     10      7     3003.4     2136.0
 37         54      9     14     3117.1     2156.0
 38         51     11      8     3067.0     2161.6
 39         52     11     11     2775.7     2183.3
 40        120     10     21     2888.1     2191.8
 41         78      8     16     3011.6     2198.0
 42         94     16     16     3307.0     2213.3
 43        130     20     15     2788.4     2215.1
 44         81     16     15     2838.6     2234.0
 45         56     16      6     3058.1     2232.9
 46         71     12     15     4003.7     2245.3
 47        209     19     19     2879.1     2250.3
 48        184     25     20     3078.8     2254.6
 49         58     13      6     3125.8     2250.3
 50         85     16      8     3305.0     2314.8
 51         58     15     10     3121.9     2334.6
 52         66     12     10     3309.0     2339.0
 53         57      7     13     3063.5     2345.7
 54         54      9     10     2898.6     2348.9
 55        144     21     21     3393.5     2355.7
 56         64     14     10     3150.7     2380.8
 57         64      7     15     3010.6     2392.5
 58        236     28     36     3186.1     2410.0
 59        138     20     21     4177.3     2407.1
 60        174     25     26     3138.2     2411.8
 61         67     10     16     3158.7     2409.5
 62        135     16     13     3252.0     2409.1
 63        154     18     16     3449.0     2420.5
 64         76     18      8     3096.9     2423.6
 65         58     18      9     3394.3     2432.7
 66        104     13     14     3218.9     2437.1
 67         63     11     11     3229.6     2452.7
 68         56     14      7     3312.8     2454.1
 69         73     12     10     2114.0     2469.3
 70         58     14      6     3144.1     2467.5
 71         53      7     10     3184.2     2471.8
 72         67     18      8     3261.2     2471.2
 73         85     10     19     3272.8     2502.8
 74         68     11     17     3209.4     2504.7
 75        123     11     20     3319.1     2529.9
 76         59      7     13     4411.0     2606.2
 77         63     18      7     3423.8     2604.8
 78         67     11     13     3722.1     2616.1
 79         54      9      9     3289.4     2648.7
 80         79      8     16     4490.6     2656.5
 81        100     19     13     3174.9     2726.7
 82         81     16     12     3556.6     2738.4
 83         86     24     11     4624.2     2737.5
 84         56      9     11     3574.7     2762.8
 85         60     10     11     3750.4     2806.5
 86         60     19      9     3720.0     2884.9
 87         50      8      9     3637.3     2930.9
 88        109     16     17     3492.1     3009.0
 89         62     10     10     4052.8     3012.7
 90         79      9     15     4088.0     3110.8
 91         57     14     12     5197.7     3192.5
 92       6685    127    225     5397.7     3501.4
