Flake Detection Statistics
==========================

Technique: v055
V threshold: 0.55, S threshold: 0.15
Hue range: 15.0-80.0
Min area: 50px
Open radius: 2, Close radius: 4

Total flake area: 145359 px
Total image area: 19961856 px
Coverage: 0.73%
Detected components: 60

Area stats: min=50, max=134874, mean=2422.7, median=114.5

  #   Area(px)  Width Height    CenterX    CenterY
-------------------------------------------------------
  1         53     17      5     3262.5     1001.0
  2         60     12      8     3561.8     1013.6
  3         60      6     14     3180.3     1125.4
  4        123     15     24     3102.0     1450.1
  5         93     13     13     2891.2     1510.6
  6         50     11      9     2874.8     1511.0
  7        655     52     30     2882.5     1541.4
  8         85      9     16     2916.3     1538.0
  9         50     13      6     4092.5     1535.8
 10       1141     90     86     4033.8     1596.4
 11        197     15     22     3971.6     1554.9
 12        315     35     24     4059.9     1557.8
 13         62     13     10     4327.2     1565.1
 14     134874    351    901     2845.9     1999.9
 15        155     15     19     3010.6     1624.7
 16         59     17     10     4148.0     1636.8
 17         60     11     14     3038.0     1647.9
 18        113      9     22     3042.5     1674.9
 19        573     54     33     4134.8     1677.5
 20        346     39     43     4146.6     1720.3
 21        187     29     30     4121.9     1730.4
 22         61      8     14     3020.8     1754.7
 23        265     37     39     4157.3     1768.7
 24        228     31     25     4195.8     1769.0
 25        292     32     26     4545.8     1793.5
 26        297     56     19     4911.3     1787.2
 27        367     35     29     4242.7     1801.9
 28         70     11     11     4185.1     1797.8
 29        160     14     29     4261.6     1834.5
 30         69     12     13     4233.5     1841.3
 31         74      8     14     2798.8     1949.8
 32         53     12      8     2847.6     2066.8
 33         55     17      6     4239.4     2148.2
 34        153     24     17     4074.9     2214.1
 35         56     10      8     4010.6     2240.5
 36        342     46     20     3947.0     2257.0
 37         54     16      7     3887.4     2280.8
 38         66     16      9     3860.3     2291.1
 39        242     48     21     3812.0     2306.4
 40        160     42     17     3754.9     2326.0
 41         53     10      8     2864.3     2335.6
 42         79      9     12     3707.2     2339.8
 43        105     24     11     3686.3     2346.6
 44         51     12     13     3655.1     2352.3
 45         84     12     11     3635.8     2360.7
 46         88     17     12     3594.7     2379.2
 47        108     18     11     3526.2     2398.1
 48        153     28     15     3381.8     2440.8
 49        142     24     13     3301.4     2470.2
 50        140     17     15     3239.3     2488.8
 51        122     18     13     2693.0     2495.4
 52         50      7     10     3191.5     2508.6
 53        132     16     15     3166.8     2515.6
 54        630     36     53     2684.7     2539.1
 55        364     50     23     3122.0     2526.6
 56        268     43     20     3073.4     2545.5
 57         70     18      6     3050.7     2559.4
 58        157     28     19     2988.4     2575.9
 59         72     10     11     2732.0     2581.6
 60        116     17     14      750.0     3325.6
