Flake Detection Statistics
==========================

Technique: v070
V threshold: 0.7, S threshold: 0.2
Hue range: 20.0-70.0
Min area: 50px
Open radius: 2, Close radius: 4

Total flake area: 44873 px
Total image area: 19961856 px
Coverage: 0.22%
Detected components: 36

Area stats: min=50, max=25455, mean=1246.5, median=65.5

  #   Area(px)  Width Height    CenterX    CenterY
-------------------------------------------------------
  1      25455    298    705     2953.8     1553.4
  2        893     32     71     2820.5     1289.3
  3        249     34     16     2861.5     1268.7
  4         86     14     14     2770.7     1447.1
  5         53      8     10     2770.3     1470.5
  6        630     42     60     2765.9     1518.5
  7        366     43     28     2716.5     1582.0
  8         94     10     15     2834.1     1607.6
  9       3060     86     88     2736.0     1662.0
 10        103     10     17     2716.3     1632.4
 11         53     11      7     2683.8     1634.7
 12         70     14      9     3783.8     1656.4
 13        908     42     45     2669.4     1707.2
 14       7982    180    156     2656.4     1793.3
 15        476     31     37     2634.7     1748.1
 16        201     30     33     2940.2     1779.8
 17         90     17     11     2609.9     1783.9
 18        101     17     18     2914.4     1805.2
 19       3027    160     59     2655.8     1929.3
 20         60      7     16     3879.7     2088.7
 21         58      9     12     4413.3     2098.8
 22         50     12     11      231.9     2402.0
 23         58      7     13     4770.6     2627.3
 24         57      9     15     3607.2     2641.8
 25         51     15      9     4094.5     2755.0
 26         50      7     11     3887.2     2757.3
 27         55      8     15     3459.3     2910.4
 28         53      7     10     4128.0     2922.3
 29         56     11     12     1138.9     2942.2
 30         50     14      6     3567.0     2966.7
 31         50     14      6     4746.2     2992.7
 32         56     12     11     3516.5     3112.2
 33         60     10     13     4958.7     3224.9
 34         61     12     13     5159.2     3513.3
 35         59     15      7     3662.3     3533.6
 36         92     13     15     4343.4     3638.4
