Flake Detection Statistics
==========================

Technique: v070
V threshold: 0.7, S threshold: 0.2
Hue range: 20.0-70.0
Min area: 50px
Open radius: 2, Close radius: 4

Total flake area: 145363 px
Total image area: 19961856 px
Coverage: 0.73%
Detected components: 52

Area stats: min=50, max=131156, mean=2795.4, median=116.0

  #   Area(px)  Width Height    CenterX    CenterY
-------------------------------------------------------
  1        144     15     14     1458.0     1530.4
  2         67     17      7     2380.7     1611.1
  3         74     18     10     2411.0     1623.5
  4         54      8     14     2301.4     1631.8
  5         85     10     15     2432.8     1640.6
  6        921    115     31     2151.1     1695.1
  7     131156    797    443     2573.6     1886.9
  8       1533     91     86     1979.0     1731.2
  9        165     28     23     1788.4     1877.8
 10        420     26     47     1813.6     1912.4
 11        156     21     20     1714.8     1905.0
 12         93     11     14     1742.1     1916.5
 13         75     16      7     1785.2     1915.8
 14         91     11     13     1849.4     1927.7
 15         63     13     15     2958.6     1933.5
 16        126     15     24     2743.6     1940.0
 17        155     17     17     1908.5     1942.1
 18         68     16     10     1692.9     1957.9
 19        334     20     24     1631.0     1970.9
 20         51      5     13     1809.0     1969.9
 21         50     12      9     1682.7     2005.0
 22        136     15     13     1355.9     2026.5
 23        119     14     14     1521.1     2029.1
 24        399     27     27     1721.1     2045.8
 25        352     19     23     1315.5     2084.1
 26        467     38     31     2767.9     2090.9
 27        113     16     11     1634.9     2098.4
 28         92     18     16     1580.2     2161.3
 29        137     14     15     1523.6     2201.7
 30       2199     72    111     1551.9     2269.5
 31         50     13      6     1505.3     2231.6
 32        109     16     12     1426.0     2278.2
 33        262     20     32     1408.3     2342.4
 34        201     18     18     1290.5     2687.7
 35         70     18      8     1870.9     3092.1
 36         73     16      8     1853.6     3130.7
 37       2475     53    123     2106.7     3347.3
 38         82     12     15     1792.0     3328.9
 39         70     12     15     1784.1     3358.2
 40         73     11      9     2153.7     3386.7
 41        169     16     16     2147.5     3406.5
 42         75     12     16     1773.8     3412.3
 43        522     25     36     2131.2     3442.7
 44        238     23     33     2103.0     3446.0
 45        113     10     20     1761.2     3478.5
 46        279     18     22     1972.7     3490.5
 47         73     11      9     2082.6     3485.7
 48        133     13     26     1756.1     3541.3
 49         56     10      8     2062.1     3562.6
 50         52     11     12     2050.3     3575.2
 51         82     12     15     2049.7     3600.3
 52        211     16     30     2043.0     3629.1
