Flake Detection Statistics
==========================

Technique: v055
V threshold: 0.55, S threshold: 0.15
Hue range: 15.0-80.0
Min area: 50px
Open radius: 2, Close radius: 4

Total flake area: 180334 px
Total image area: 19961856 px
Coverage: 0.90%
Detected components: 117

Area stats: min=50, max=145924, mean=1541.3, median=140.0

  #   Area(px)  Width Height    CenterX    CenterY
-------------------------------------------------------
  1        124     18     23     2969.5     1519.9
  2        310     32     20     2946.9     1541.9
  3         55      8     11     2975.5     1539.3
  4        381     41     28     2904.8     1555.7
  5         52     14      8     2850.9     1556.5
  6        348     40     30     2865.2     1572.3
  7        254     19     37     2824.5     1577.5
  8         87     12     16     3010.8     1562.7
  9         58      6     11     2958.5     1564.0
 10        161     16     31     3025.0     1581.0
 11     145924    951    465     2607.4     1824.8
 12       1128     45     53     2967.9     1603.0
 13        226     19     23     2784.9     1599.3
 14        185     20     26     3012.3     1618.5
 15         87     17     13     2997.8     1662.1
 16        115     13     20     2618.8     1678.6
 17        560     63     38     2568.2     1695.7
 18         71     10     10     3005.3     1680.4
 19         52      7     12     3578.2     1694.5
 20        173     20     22     3021.3     1700.8
 21        114     22     20     3603.1     1700.8
 22        286     23     27     3546.4     1713.5
 23        398     35     35     2517.7     1718.1
 24        404     27     59     3682.8     1725.6
 25        154     24     15     3004.8     1713.3
 26        592     58     44     3463.4     1739.3
 27        177     25     21     2480.5     1731.6
 28        116     25     11     3507.2     1728.2
 29         85      9     15     2483.2     1752.4
 30         60     10     13     2980.6     1756.8
 31        100     26     11     3375.9     1755.1
 32        180     22     19     3014.8     1760.8
 33         69      9     11     3419.0     1756.9
 34        235     30     27     3533.7     1765.3
 35        110     13     19     3571.3     1772.1
 36         64     10     13     3599.7     1769.0
 37        154     14     25     3283.6     1778.2
 38        489     65     28     3343.7     1779.6
 39        135     23     15     2413.6     1777.1
 40         53     16      9     3670.7     1774.1
 41        376     24     38     3000.8     1792.6
 42        468     30     42     3472.4     1796.6
 43         55      8     16     3610.9     1778.5
 44        132     16     16     3502.9     1794.8
 45         74      8     14     3262.2     1795.1
 46         70     10     17     3437.2     1797.0
 47        267     24     26     3592.7     1801.1
 48        140     26     23     3229.9     1808.1
 49         51     15      6     3294.8     1796.5
 50        613     30     57     3662.8     1833.3
 51        944     83     51     3163.8     1825.8
 52        245     28     29     3556.2     1815.9
 53        498     49     45     3388.1     1830.9
 54         82     17     11     3322.0     1819.0
 55         70     18      8     3477.5     1824.3
 56        111     23     19     3587.7     1828.3
 57        104     20     15     3342.8     1830.4
 58        110     27      8     3447.8     1826.9
 59         97     21     16     3299.3     1833.5
 60         95     10     15     3422.6     1835.6
 61        126     18     13     3611.1     1836.1
 62         53     16      7     3074.9     1833.8
 63        356     45     26     3086.9     1844.8
 64         84     23      9     3688.3     1848.8
 65       2544    153     43     3517.1     1871.9
 66       1444    119     46     3280.4     1881.5
 67         84     20      8     3827.2     1859.5
 68        440     50     25     3414.4     1869.9
 69        257     21     22     3663.5     1870.4
 70        174     25     23     3048.4     1872.0
 71        377     44     32     3780.9     1878.6
 72        135     16     13     3852.1     1870.9
 73       1166     94     34     3170.4     1882.1
 74        412     37     29     3361.5     1883.3
 75        544     48     30     3613.7     1886.3
 76       1709    111     66     2089.6     1904.7
 77         97     13     18     3687.5     1885.5
 78        171     33     16     3809.2     1883.3
 79         50      8      9     2196.5     1883.9
 80        166     18     19     2851.5     1891.6
 81        599     48     34     2891.2     1898.8
 82        132     15     14     3751.3     1890.6
 83        173     27     15     3094.5     1894.8
 84         52     11      8     3391.9     1892.3
 85        295     30     20     3639.6     1905.2
 86        317     25     27     3670.9     1912.9
 87        155     17     25     3068.7     1915.8
 88       2493    132    115     3756.7     1963.3
 89        371     31     29     2846.5     1917.1
 90        214     24     22     2960.0     1914.4
 91        128     12     24     2937.2     1920.9
 92        335     31     39     3909.9     1932.9
 93        100     24     15     2887.2     1922.1
 94         53     13     11     3787.0     1924.0
 95         58     16      9     3677.7     1929.2
 96        396     50     18     1998.3     1934.2
 97         52     11     12     2796.0     1938.5
 98         54     12     10     2744.3     1939.3
 99        105     17     15     3817.0     1942.0
100         59     11     12     2766.5     1943.8
101        183     25     16     1957.7     1953.0
102        341     30     39     3896.6     1969.1
103         53     18      6     3849.7     1954.7
104         73     13     15     2620.0     1962.2
105         87     23     14     2577.4     1967.5
106         65      9     16     2696.0     1967.1
107        215     30     15     1929.1     1968.6
108         51      8      9     1969.6     1968.1
109        108     19     12     1990.9     1969.6
110       2292    140     83     1983.3     2018.1
111        237     27     16     1883.8     1997.1
112        552     59     52     1875.1     2036.0
113        348     34     22     3843.4     2022.2
114         95     16     14     3876.3     2025.6
115         55     13      7     4324.3     3020.4
116         68      8     14     3732.9     3145.0
117         53     10     11     4050.7     3562.3
