Flake Detection Statistics
==========================

Technique: v070
V>=0.7, S>=0.2, H=20.0-70.0
Min area: 50px, open=2, close=4

Total flake area: 17990 px
Image area: 19961856 px
Coverage: 0.09%
Detected: 143 flakes

Areas: min=50, max=1895, mean=125.8, median=87.0

  #       Area     W     H    CenterX    CenterY
--------------------------------------------------
  1         64     7    13      464.7       21.4
  2         57    14     9     3370.4       31.9
  3         55    10     8     3574.7       58.1
  4        208    27    15     3596.7       66.5
  5         66    14    11     3640.6       90.2
  6         85    16     9     2114.6      166.4
  7         50    13     9     1173.9      184.2
  8        154    15    21     5413.5      218.8
  9         52     7    10     3654.3      265.6
 10         54     9    13     3560.9      292.8
 11         96    11    17     3542.6      345.3
 12         77     8    17     1994.6      364.7
 13        113    18    14     3542.1      373.6
 14         78     9    13     2972.6      391.7
 15         96    13    14     2410.0      408.3
 16         61    10     9     2730.4      407.4
 17        123    28    17     2592.1      421.0
 18         70    16     8     3521.3      439.3
 19         86    19    11      292.6      447.3
 20         57    12     9     1485.3      453.5
 21         90    19     9      314.7      458.1
 22         54     5    14      275.0      463.5
 23         70     9    14     2423.2      466.3
 24         77     8    14     3453.4      474.2
 25         84    22    11     3048.2      499.7
 26         85    22     7     4097.1      500.0
 27         68    14    13     3516.7      504.4
 28        111    11    17     3348.7      514.8
 29         52    12     6     3286.0      516.4
 30         88    18     7     3060.8      523.9
 31        133    16    16     3379.5      568.3
 32         51    10     8     3308.3      596.2
 33         88    21    10     3200.1      614.6
 34         51     7    10      198.1      659.5
 35         97    14    18      455.9      672.5
 36        108    20    11      180.0      684.3
 37         53     9     8      213.7      694.4
 38         56     9     9     2851.2      697.6
 39         78    18    13      372.4      700.1
 40        108    15    15     3565.4      713.2
 41        293    29    27      180.5      739.6
 42         89    17    11      583.5      741.1
 43        175    27    17     3152.5      750.5
 44        102    13    14      201.3      757.5
 45         78    14    11      545.7      756.1
 46         81    25     9      164.0      776.1
 47         61     8    11      477.5      777.9
 48         60     8    11      393.9      779.4
 49         90    12    13      201.8      849.6
 50        132    19    14     3393.8      858.9
 51         86    13    12      227.5      868.3
 52         91    13    12     5392.0      874.1
 53        496    34    64     3394.3      919.7
 54         57     9    12     3702.0      900.5
 55         55    12     8     4082.1      929.2
 56        113    12    16      122.6      951.5
 57         50    13     9      799.9      990.8
 58         90    17    11     3508.0     1012.6
 59         51     9     9     3574.0     1032.0
 60         54     7    11      624.0     1073.1
 61         70    13    10     5145.4     1073.8
 62         52    14     6     5151.0     1088.6
 63         71    15     7     4704.5     1097.0
 64         71    10    12      195.6     1109.3
 65         84    19    17      844.2     1111.9
 66        154    28    17      175.0     1121.3
 67         91    21     8     4033.9     1169.4
 68        107    28    10      629.2     1175.8
 69        211    23    16     3245.5     1205.2
 70         52    14    10     1792.8     1239.2
 71         54     7    14     5087.1     1278.8
 72        126    19    18     3251.8     1376.8
 73        132    12    16     3235.6     1396.9
 74         78    13     9     4702.4     1491.3
 75        348    22    39     1091.3     1551.8
 76        277    29    27     4210.4     1551.1
 77       1895   110   119     1601.5     1602.7
 78        291    44    33     4162.7     1567.7
 79        163    22    25     5204.4     1581.5
 80         95    11    14     4243.4     1588.6
 81        179    33    15     3038.0     1600.9
 82        120    26    12     4227.0     1607.5
 83        151    17    21     5130.3     1652.5
 84         98     9    15     3122.8     1666.2
 85        145    23    21     1676.3     1685.5
 86        245    43    24     5298.6     1699.0
 87        161    27    13     5232.6     1716.5
 88        388    39    35     5162.6     1729.3
 89        111    19    17     5207.9     1732.7
 90         84    12    17     5177.0     1742.2
 91         73    13    20     5073.5     1770.3
 92         97    14    13     1684.4     1770.1
 93        303    18    33     5189.3     1793.0
 94        157    14    24     4244.6     1862.4
 95         79     9    13     5161.7     1878.9
 96         89    14    16     5051.0     1890.9
 97         74    13    11     5070.0     1907.2
 98         58     7    12     5398.7     1928.1
 99         53     7    10     3813.2     1940.1
100        155    22    17     3844.9     2006.5
101         62    12    14     3863.1     2020.8
102         57    10     9     4617.4     2029.5
103         80    13    13     4603.8     2063.7
104         89    24    11     4231.9     2133.5
105         58    12     9     4905.8     2135.5
106         95    22    15     4880.3     2142.9
107         87    21    12     5029.0     2267.5
108         91    22     9     4974.9     2271.9
109         78    14    12     5034.5     2324.3
110         52    11     7     4598.4     2326.3
111         79    20    16      389.5     2380.7
112        128    19    19      937.8     2438.6
113         61    13    14      911.8     2445.2
114         84    26     9      908.8     2568.3
115         59     7    12     3055.6     2642.9
116        194    17    26      270.9     2681.7
117        396    42    21     1578.4     2723.8
118        120     9    21      930.5     2738.6
119        122    18    18      642.5     2802.5
120        150    25    12     4315.1     2920.0
121         77    19    13      880.4     2942.9
122        124    12    18     2775.0     2979.5
123         51    10     7     4370.4     2980.1
124        138    14    24     3348.8     3043.0
125         53    12     6      246.9     3044.7
126         91    17    11     3431.2     3206.2
127        113    10    14     3421.3     3225.0
128        493    47    51     5126.5     3278.2
129         53     6    12     3444.6     3418.6
130        391    31    33     3437.5     3439.5
131         74    15     9     3462.9     3462.0
132         73    12    16     3474.3     3474.7
133         58     7    11     4683.9     3496.1
134         67    13    14      819.0     3510.5
135        196    32    22      278.2     3523.8
136        190    20    27     3442.6     3524.6
137         53    10    12      235.0     3552.4
138         61     6    13      635.8     3562.3
139        121     9    21      356.4     3576.3
140        151    31    11      214.1     3578.9
141         75    12    10      204.8     3595.0
142        166    20    16      349.1     3621.0
143        129    13    15      345.6     3640.3
