Flake Detection Statistics
==========================

Technique: v055
V>=0.55, S>=0.15, H=15.0-80.0
Min area: 50px, open=2, close=4

Total flake area: 467951 px
Image area: 4990464 px
Coverage: 9.38%
Detected: 221 flakes

Areas: min=50, max=312549, mean=2117.4, median=123.0

  #       Area     W     H    CenterX    CenterY
--------------------------------------------------
  1      15752   249   187       93.5       52.5
  2         94    13    16      319.6        6.9
  3       3064    96    70     1124.4       27.6
  4        380    32    23     1917.6       11.6
  5     312549   795  1079     2503.0      345.7
  6        197    29    28      270.9       17.2
  7        139    21    22      356.2       14.2
  8         52    13    10     1821.8        6.6
  9         68     9    13      242.7       12.8
 10         90    15    16      294.4       13.1
 11         55    13     7      435.1        8.9
 12         52    13    13     1759.7       18.3
 13        123    19    17     1895.9       25.1
 14         51     9     9      458.6       27.5
 15         77    15     9     1832.5       27.0
 16         87    13    15      386.0       30.3
 17         58     6    14     1793.7       32.0
 18         98    15    15      311.1       44.4
 19         56    11    11      351.5       44.3
 20         57     8     9      423.8       43.3
 21         55     9    10     1897.8       43.2
 22        116    23    12      170.8       65.0
 23         63     9    11      253.3       63.1
 24         89    17     9     1917.5       61.6
 25         57     8    12     1958.3       63.8
 26        127    23    13     1888.3       71.4
 27        179    19    19     1995.2       76.6
 28         83    17     8      167.5       82.6
 29         69     8    14      203.2       85.0
 30        278    52    32     1955.9       90.3
 31         58     7    13     1978.9       86.2
 32         84    13    14     2013.4       89.5
 33         67     9    12      473.1       89.4
 34         54     9    13     1856.1       90.2
 35       1951    76    52      799.1      118.0
 36         92    19    14      165.5      100.5
 37         50     5    14     1995.0       98.5
 38         86    16     9      130.4      100.1
 39         66    10    10     2036.3      106.4
 40         86    23    12      208.2      110.0
 41        101    16    15      288.8      121.1
 42        236    24    30     2071.4      132.3
 43         54    13    11      213.6      129.7
 44         66    16    10     1976.7      131.7
 45         61    10    10       88.2      135.1
 46         71     8    16     2101.3      144.5
 47         63    10    12      145.0      146.9
 48        222    27    22     2036.0      151.6
 49         58     7    15     2084.2      150.6
 50         70     8    14      101.8      150.4
 51       5132    85   109      304.2      195.5
 52        122    14    18     2009.0      154.1
 53         84    11    13      132.4      158.7
 54         78     9    13     2112.5      159.4
 55         52     8    12      197.3      165.8
 56         64    10    10       91.1      169.2
 57        149    22    19       37.7      179.6
 58         62    12    11     1998.8      176.1
 59        285    44    21     2081.8      183.5
 60        546    42    32     2141.3      197.0
 61        146    22    13       16.8      199.4
 62         75    14    19     2031.8      203.7
 63        108    21    10       45.4      211.3
 64        323    30    28      260.6      227.0
 65         52     7    10     2010.4      217.7
 66         74    16     7     2110.4      214.8
 67        116    16    19      118.6      223.1
 68         81     8    15     2083.5      220.2
 69        164    25    24     2167.2      229.3
 70         67    12    14       61.9      230.0
 71         77    15     8     2209.5      232.3
 72        147    17    17     2089.5      240.1
 73         77    18     7       94.7      235.3
 74        139    29    19     2151.3      258.3
 75         95    18    14     2214.3      258.8
 76         74     7    17     2173.0      267.7
 77        248    28    18       19.6      267.6
 78        199    23    22     2227.7      276.4
 79         52     8    15       33.5      288.5
 80         75    20     9     2202.3      291.1
 81         86    15    13     2184.3      296.3
 82         54    10     9     2227.7      296.9
 83         50    10     7       56.6      311.8
 84        155    22    21     2192.9      327.7
 85         51     8     9     2290.0      341.5
 86         52     8     8     2243.6      360.4
 87        547    52    55     2318.1      392.9
 88        229    22    22     2266.1      389.8
 89        690    42    88     2373.7      427.9
 90        232    21    22     1206.5      404.5
 91         58     9     9     2284.5      406.4
 92         62    15     9     2392.2      413.2
 93        133    20    13     2298.9      425.2
 94        106    17    12     2402.3      427.2
 95         90    22    12     2316.3      433.7
 96        123    24    15     2316.4      450.4
 97        710    48    59     2386.4      492.8
 98         53     7    11     2330.2      472.0
 99        326    25    24     1120.4      491.2
100         91     7    23     2355.4      496.2
101       1052    60    36     2268.3      534.7
102       5098    93    89     1148.4      593.2
103        227    26    20     2431.3      570.5
104        161    21    17     2434.9      592.3
105        214    15    28      618.1      607.2
106        675    37    28     1524.0      627.5
107         61     6    14     2476.2      624.0
108        739    41    27      906.6      641.3
109        182    28    18     2480.6      646.5
110         65    11    10     2429.2      655.5
111        169    15    22     2463.8      665.0
112         98    15    10     2407.6      666.6
113        358    27    30     2478.6      688.0
114       4083   127    68     1280.6      736.6
115        408    33    21     2155.7      721.4
116         94    15    18     2459.6      724.2
117         65    12    10     2485.5      732.4
118        139    22    21     2483.6      775.6
119        864    55    52     2521.1      797.6
120       1837    35    84      241.1      814.6
121        192    22    31     2363.2      804.1
122       3397    74   105     2476.8      888.8
123        153    23    24     2549.1      858.4
124         64     8    12     1486.5      858.5
125         72    12    18     2586.4      860.0
126         50     9    10     2567.9      874.5
127        134    15    19     2594.6      882.3
128         51     9     9     2567.9      900.0
129        156    17    19     1607.7      922.6
130        163    34    12     2553.0      922.0
131        232    22    17     1476.1      932.1
132        332    43    31     2584.3      946.0
133        209    18    27     2571.6      965.6
134       4204    92    74      161.7      991.7
135         83    20     7     2527.0      964.0
136       1311    51    49     1635.4      989.8
137         60    16    12     2516.2      976.5
138        519    59    21     2599.7     1006.6
139         96    11    13     1503.6     1009.7
140         53     7    12     2573.8     1023.4
141        373    24    41     2665.7     1037.1
142        105    13    13     2592.5     1032.6
143       1403    53    72     2635.3     1069.2
144         51    12     9     2580.2     1047.8
145        213    21    30     1488.7     1073.7
146         64    11     9     2593.4     1063.5
147        788    64    25     2321.1     1079.1
148        193    17    27     2592.3     1085.5
149         50     9     9     2708.0     1083.1
150       4162   136   116     2668.9     1153.7
151        390    48    29     2630.5     1126.5
152       1669    67    41     1731.9     1138.7
153       1859    54    67     1520.9     1182.1
154         77    16    10     2637.6     1155.1
155       1177    65    26     1272.4     1169.7
156        967    63    26     2303.6     1189.5
157         54     8     9     1427.1     1193.0
158         56    16     9     2568.5     1192.9
159        429    38    38     2705.7     1214.3
160        100    26    13     2594.1     1205.6
161         79    20    11     2632.5     1205.4
162        188    16    29     2647.8     1224.8
163         54     6    14     2603.5     1222.9
164       1235    43    52     1850.3     1251.9
165        336    40    21     2416.5     1241.5
166       1726    81    77     2684.7     1271.3
167       2286    70    69     1380.2     1283.9
168        834    57    53     2633.9     1272.9
169        316    26    33     2717.4     1302.8
170        295    39    28     2586.6     1313.6
171        138    12    15     2235.3     1317.9
172       4668   142    99     2672.1     1363.3
173         58    10    12     2381.6     1331.4
174         67    12    13     2428.2     1387.0
175         84    13    10     2140.5     1397.9
176         63    12     7     1557.9     1403.5
177       4955   113    89     2409.6     1445.4
178       2162    88    82     2692.3     1438.7
179        656    25    40     1302.0     1436.2
180        446    26    32     1465.0     1434.2
181        153    19    20     2609.8     1440.8
182         79    10    15     2187.8     1448.0
183         78    13     8       69.8     1450.2
184        115    13    18     2649.0     1471.6
185       7311   126   111      315.2     1522.3
186        211    16    24     2577.2     1474.3
187         75    12     9     2086.5     1473.6
188        175    23    25     2620.6     1482.7
189      24588   222   344     2660.8     1684.9
190       1158    50    39     1709.5     1516.7
191        170    15    22     2024.8     1510.6
192        112     9    22     2618.6     1524.2
193        187    15    19     2139.4     1533.7
194        149    27    24     2569.4     1539.5
195        116    27    19     1136.5     1557.2
196       7001   117   136     1732.9     1614.5
197        214    26    24     2136.1     1567.9
198        117    19    18     2588.2     1565.5
199         91    15    13     1112.6     1578.5
200       1350    54   102     2575.3     1642.8
201       3248   143   102      994.4     1653.1
202         77    17     9     2535.5     1635.1
203        158    19    19     2723.3     1649.8
204         67     9    15     2595.5     1653.0
205         51     8    10     2617.9     1650.4
206        329    36    27     1830.2     1660.6
207        250    20    43     2526.6     1672.9
208         54    11    12     1140.9     1661.9
209         73    13    11     2590.5     1675.8
210        599    49    36     2607.3     1691.7
211         96    19    22     1113.5     1691.2
212         62     8    12     2503.3     1694.5
213        235    18    26     1026.8     1720.1
214        212    21    25     2527.0     1729.6
215       1050    47    40     1818.2     1749.4
216       3041   122    94     1898.2     1782.6
217        180    28    16     2533.8     1753.8
218        279    26    22     2563.8     1784.3
219        368    46    24     2500.7     1795.7
220        132    16    16     2469.8     1810.9
221        322    37    13     1792.2     1818.8
