Flake Detection Statistics
==========================

Technique: v055
V>=0.55, S>=0.15, H=15.0-80.0
Min area: 50px, open=2, close=4

Total flake area: 514702 px
Image area: 4990464 px
Coverage: 10.31%
Detected: 589 flakes

Areas: min=50, max=373686, mean=873.9, median=90.0

  #       Area     W     H    CenterX    CenterY
--------------------------------------------------
  1         67     8    10      472.7        4.5
  2     373686  1860   417      943.0      170.4
  3        106    14    17     1471.0        9.8
  4         87    22    12     1702.0        4.3
  5        109    16    17      453.3       13.2
  6        114    22    13      211.9       21.8
  7        100     8    19      357.1       27.2
  8         65    21     5      413.4       21.0
  9        128    12    16      471.9       26.1
 10         74    19     8      282.6       28.0
 11         76    18     7      234.8       34.0
 12         56    13     8      453.8       34.4
 13         90     6    24        1.6       45.1
 14         72    10    11      328.0       37.7
 15        129    19    15     1594.0       46.4
 16        191    16    29     1783.9       58.7
 17         68    10    10     1847.8       55.8
 18        197    29    18      174.0       62.6
 19         53    11     9      375.4       57.7
 20         68     9    13      155.6       72.2
 21         70     7    16        2.1       75.6
 22         73    17     8      175.9       82.2
 23         82    15    13     1815.1       84.4
 24         59    11    13     1854.5       85.4
 25         57     8    11       81.5       88.1
 26         66     7    15       92.7      100.4
 27        100    17    12     1866.3      101.6
 28        166     8    31        2.5      112.6
 29        510    32    48     1823.3      138.4
 30        394    34    27     1787.1      141.2
 31        133    15    27     1878.3      145.4
 32        479    33    38     1849.8      174.0
 33        827    48    46     1803.1      184.9
 34        127    18    11     1911.3      168.7
 35        124    19    14     1938.0      183.6
 36        128    27    14     1890.8      189.5
 37        288    25    27     1876.5      205.8
 38        101    14    10     1809.3      212.6
 39        121    24    23     2011.6      224.6
 40        155    19    16     1945.8      224.1
 41        220    25    20     1893.5      233.7
 42         67     9    11     1884.1      249.7
 43         61     9    11     1852.6      256.6
 44        168    20    22       45.2      265.6
 45         57     8    10     1925.2      260.5
 46       1046    56    52     1895.5      282.6
 47       1020    52    55     1842.4      296.7
 48         66    18    11     1998.6      271.6
 49       1966    97    82      830.3      313.1
 50         66    13    15     2027.1      278.3
 51         55    11     8     1133.9      290.3
 52        235    19    31     1385.2      305.8
 53        126    21    12     1959.7      294.9
 54         55    10     8      374.5      300.6
 55         77    12    13     2058.2      303.9
 56         54    12     7       65.5      304.9
 57        170    17    18     1355.9      311.6
 58        132    13    14     1751.7      311.4
 59        403    45    25     1784.9      312.7
 60         65     8    11     1943.8      309.1
 61       1664    65    98     1475.1      363.6
 62        525    51    41     1969.0      333.7
 63        401    37    33     1414.4      331.6
 64        185    18    22     2021.7      327.3
 65         64    14    11      134.2      323.9
 66       4073   188    97      452.4      372.3
 67       1121    60    66     1343.1      345.6
 68        168    25    21      985.3      332.0
 69        137    20    19     1845.0      331.7
 70         82    13    11      421.4      329.8
 71         52    10     7     1822.5      328.1
 72        139    24     9     1874.7      328.4
 73        124    22    10     1375.0      332.1
 74        476    41    27     1122.3      339.6
 75         64    13     6     1443.6      330.5
 76        124    14    11      329.0      342.4
 77        250    29    16      865.9      343.5
 78        527    36    29     1765.8      348.8
 79         80    12     8      945.1      343.5
 80        204    19    23     1482.1      356.3
 81        122    12    19      814.4      355.5
 82        184    16    33     1396.5      364.2
 83        144    20    20     1732.1      357.3
 84        111    19    16      100.8      358.4
 85         57    10     9     1194.8      354.6
 86        235    22    30     1900.8      363.6
 87        235    17    18       30.9      361.1
 88         65    11     8      838.6      355.0
 89        470    49    38      934.3      372.0
 90        106     8    16     1175.1      358.9
 91        126    16    22     1507.2      361.5
 92        110    16    16     1846.8      360.2
 93         98    14    20     2004.8      362.7
 94        260    24    23      156.4      364.6
 95         60     8    10     1255.5      359.5
 96        122    20    20     1423.9      361.6
 97        157    24    13      323.1      361.5
 98        421    29    43      855.1      377.2
 99         64    10    10     1632.3      361.4
100         76     8    13     1873.9      365.5
101        308    24    32     1934.1      372.2
102        107    16    18        6.6      370.0
103         82     6    17      354.5      371.2
104        512    36    42      637.3      383.4
105        174    21    17     1126.3      370.6
106         88    17    14     1279.7      369.1
107        438    28    32      726.0      384.1
108         91     8    16     1380.5      375.4
109       1632    84    78      764.7      409.5
110        415    35    22      264.5      383.0
111         59     8    11      595.2      377.4
112        996    47    83     1542.3      408.0
113         53    11     8     2030.7      376.7
114        326    40    22      811.1      385.5
115         53    11    12     1834.2      379.9
116        320    32    40      305.7      398.0
117        413    29    39     1753.4      396.4
118        159    18    13     1644.7      384.9
119        487    52    27     1803.0      391.6
120        116    15    15      614.5      386.2
121         72     7    15     1172.1      387.2
122         82     8    14       11.8      389.0
123         78    10    11      136.7      388.8
124        399    28    23      687.6      394.9
125        151    21    16     1289.6      390.8
126        270    36    16     1409.2      391.7
127         93    14    15      162.4      395.5
128         64    12    14      343.5      395.5
129         73    10    11      571.2      394.7
130        337    43    22      895.9      401.2
131        528    46    38     1357.7      408.4
132       1046    46    59     1103.6      414.9
133        237    21    24     1723.5      403.1
134         91    16    10      214.0      399.4
135        291    25    26      973.4      406.5
136        813    82    48     1261.9      417.0
137        156    12    19     1624.6      403.1
138        139    14    17     1203.6      404.8
139        467    28    43     1653.1      416.0
140        102     8    17      139.7      407.3
141         80    20     8      243.1      402.3
142        157    20    29      589.2      412.8
143         80    13    12      839.5      404.3
144         90     9    13      949.3      404.9
145        192    21    22     1306.8      411.1
146         79    12    10      649.1      405.7
147         80    14    11      710.0      406.2
148         90    20     7     1041.5      402.7
149         60    10    10     1464.2      404.7
150        169    30    18      368.5      413.7
151        109    17    19      864.6      411.7
152         67    10    10     1327.2      407.6
153         50     8     8      475.7      407.4
154        116    14    13     1695.0      410.6
155        107    19    11     2036.5      408.8
156         77    13    16     1385.7      414.0
157        126    26     9       53.0      412.2
158        204    30    16      330.2      416.9
159         61    10    11      928.1      414.0
160         64    12     8     1989.8      411.3
161        141    13    27      660.5      424.5
162        176    15    22     1605.9      422.0
163        124    21    15      679.8      419.6
164        300    37    20     1430.6      421.7
165        319    34    36     1579.5      429.3
166         66    10    10     1968.7      417.8
167        106    16     8      103.9      417.2
168        161    20    18      228.8      422.2
169        512    46    37      449.5      431.1
170        263    50    20     1030.4      425.8
171        101    17    13     1149.7      422.4
172         63     7    12     1402.6      426.4
173         58     9     8     1495.7      423.5
174         79    12    18     1845.2      426.7
175         85    10    12       89.6      428.4
176        248    39    20      847.3      431.5
177        103    10    19     1525.4      434.8
178         58    10    11     2036.2      429.1
179        136    18    16      137.7      435.9
180         72    16    11      391.3      430.8
181         80    17     7      817.2      428.8
182        164    18    22     1778.7      436.3
183         83    10    14     1960.2      432.8
184        111    16    12      240.3      434.3
185        269    28    36      260.8      449.9
186        326    26    22      336.2      440.4
187        248    20    30      522.3      446.6
188        130    24    17     1259.4      437.3
189        667    51    66     1368.3      467.2
190         50     6    10      164.6      437.3
191        184    13    31      487.3      446.9
192         64     8    10      999.8      436.9
193        123    12    22     1317.1      441.5
194        175    25    13      799.2      441.0
195        176    23    12       49.7      442.8
196        267    23    32      899.7      454.8
197         72    10    10      922.7      441.8
198        231    34    12      688.2      444.4
199         85    14    14     1720.6      446.9
200         86    14    10      302.2      448.0
201         83    10    16      614.4      448.6
202        402    38    36     1046.8      454.1
203        103     7    21     1012.5      453.0
204         65    14    14     2032.5      450.8
205        379    34    38      459.8      468.0
206         52     8     8     1799.7      450.7
207         53    12    11      505.6      453.0
208         88    16    16      876.8      456.0
209        164    28     9     1089.9      451.7
210        104    16    10     1484.6      452.7
211        129    22    10     1597.5      455.3
212         98    15    18      184.9      461.1
213        171    24    17      363.1      461.8
214        316    32    28      567.0      467.1
215         52     9     8     1307.9      455.6
216        152    18    17     1697.4      459.4
217         65    10    10     1851.2      457.6
218         80    13    10      102.8      458.4
219        163    14    17        5.5      464.5
220         50     9     8      691.5      459.6
221        242    36    13      822.7      461.3
222         94    16     9     2106.0      459.3
223         73    12     8      155.4      461.0
224        166    16    15      712.5      463.5
225        165    16    16      929.8      464.4
226        340    25    27     1133.0      472.7
227        147    22    16      328.0      468.8
228         67    12     9     1786.0      465.1
229        139    24    10     2056.2      465.6
230         64    14    12      744.8      467.9
231        134    16    21     1611.5      472.1
232         66     9    14     2077.7      469.2
233         62     9    10      219.9      469.4
234         64    10     9     1163.2      469.4
235        102     9    18     1482.9      474.4
236        102    16    10     1883.0      471.5
237         52     9     8      236.1      471.7
238        287    22    27      785.8      482.0
239         96    16    11     1521.4      473.8
240         71     7    15      955.9      479.6
241        125    18    15     1646.7      479.1
242        119    17     8     1751.3      475.4
243         62     8    10      197.9      478.9
244        349    30    33     1079.3      490.8
245        159    20    21     1685.3      483.8
246         62    15     9     2134.9      480.0
247        199    25    27      530.6      494.7
248         57    11     7      934.0      484.1
249         94    12    12      979.1      486.1
250         60    10     8     1862.0      483.0
251        182    27    16     1923.1      488.1
252         76     6    14       40.5      488.5
253         56     8     9      715.8      487.0
254         60    12     6     1317.2      484.6
255         92    16     9     1341.3      487.2
256        186    28    18      373.2      491.7
257         95    19     8      870.9      487.5
258         71    16     7     1889.4      487.0
259         50     9     9     2101.9      488.9
260        326    40    26     1039.6      497.2
261        195    29    17     1585.9      495.2
262         56     8    14     2087.5      493.5
263         53    10     9     2148.7      491.3
264         52     8     8     1419.7      491.7
265        197    20    39     1618.3      512.1
266         50     8     8      279.2      496.8
267         66    11     9      441.5      497.3
268         79    10    11     1876.3      497.0
269         82    20     8      574.3      498.2
270        102    20     9      997.6      497.9
271         96     9    13     1403.4      501.1
272        250    34    26      176.3      507.2
273         68     8    11      331.6      500.9
274        189    25    19      554.2      505.8
275        190    22    16      928.3      504.7
276         72    12     8     1165.1      498.9
277         92    18    13     1540.3      501.8
278        294    18    38     1699.6      515.7
279         65    10    10       48.8      505.8
280         72    14    11      306.3      507.1
281         69    10     9      643.9      505.9
282         92    12    16      709.4      511.3
283         70     7    14     1676.4      508.6
284         54    12     7      145.5      508.1
285        195    28    11      849.6      507.9
286         94     6    19     1330.5      513.1
287        122    10    20     1563.3      514.3
288         99    15    16      248.3      513.9
289         86    13    18      267.7      516.5
290         52     9     9      961.2      510.9
291        191    30    32     1398.0      525.3
292        139    20    28     1665.5      518.4
293        321    40    33     1829.5      524.3
294        157    24    10     1932.7      512.5
295        105    20    12     1133.9      515.9
296        115    20    20      782.8      520.5
297        108    16    11     1186.6      517.6
298         83    12    10     1470.9      517.2
299        154    12    25      649.2      526.4
300        140    12    18      885.2      523.8
301         60    10     8      406.0      524.0
302         51     9     8      835.7      523.7
303         79    17    12      852.1      526.5
304         66    18    11     1531.7      527.4
305        101    14    12      603.6      530.4
306         53     8     8     1091.4      529.7
307        675    48    39     1219.1      543.0
308         61     6    16        1.6      534.5
309        296    39    28      520.3      543.5
310         66    10     9      905.8      531.4
311        107    12    22     1166.2      537.8
312         56     8     8      471.5      535.5
313        122    18    16     1073.6      540.0
314        103    18    15     1606.2      540.6
315        102    17    15     1943.1      539.4
316         62    13    13     1310.9      540.0
317        100    12    17     1656.8      541.1
318        176    18    20      746.2      548.0
319        105    10    18     1552.8      545.5
320         52     6    12     1976.7      541.8
321         84    12    12      558.9      544.7
322         52    12    10      773.5      543.5
323         56     8    10      410.6      543.9
324         80    18    14      851.0      546.2
325        187    23    17      880.0      550.0
326         94    22    12     1755.5      546.8
327         80    10    10      176.2      547.5
328         56     8     9      459.9      549.3
329         52     6    10      908.5      548.5
330        120    16    16     1431.6      551.5
331         68     8    10     1579.6      548.7
332         64     6    14     2088.5      551.5
333        139    20     9      646.2      551.2
334         56     8     8     1799.5      551.5
335        196    16    27     2000.6      560.9
336        190    18    24     1480.8      561.9
337        101    16    14      472.1      558.5
338        103    10    12     1072.4      558.3
339        130    10    18     1096.0      561.0
340         88     7    16     1596.0      560.2
341        138    18    18      400.8      564.7
342         69    11    10     1120.5      559.7
343        317    40    25     1159.8      566.9
344         56    10     7     1944.1      560.2
345         62    10    11      984.2      563.4
346         62     8     9     1863.6      563.1
347         82    10    13      565.0      566.2
348        218    23    18     1269.0      569.9
349         80    13    10     1538.8      565.9
350         97    18     8     1565.5      562.9
351        136    18    19     1620.8      569.9
352         50     6    10     1716.6      567.3
353         78    14    12     1401.9      570.8
354         58     8     9     1835.7      569.3
355         72    14     6      310.2      570.4
356        133    15    18      583.8      576.8
357         52    12    13     1007.5      574.0
358         50     9     8     1523.2      571.1
359         87    22     8     1680.1      571.9
360        123     9    18      439.5      579.7
361         62    12     9      463.2      576.4
362         77    11    12     1322.4      578.1
363        107    14    19     1493.9      581.5
364         85    18    12     1579.9      580.6
365        131    16    12      968.1      581.5
366        333    16    48     1347.2      599.0
367        175    18    30     1454.9      590.4
368        166    22    16     1645.6      582.9
369         50     8     8     1981.2      580.8
370         95    12    11     2021.5      581.3
371        101    12    18     1752.2      585.7
372         86    13    10     1939.6      583.0
373         73    15    13       67.3      586.6
374         84    16     9     1824.2      586.8
375        215    28    20     1251.0      595.4
376         60     8    12     1380.0      590.5
377        334    20    36     1406.5      601.9
378        117    16    12     1775.5      589.6
379        270    24    30     2043.6      598.0
380         75    17     9     1032.6      590.9
381        312    28    33     1533.8      601.4
382         56     9     8     1993.1      591.9
383         74    14    12      453.9      596.6
384        195    22    26      638.5      604.6
385        173    18    18     1217.7      596.6
386         55    10     9       54.3      595.9
387        157    21    22     1054.3      601.0
388         56     8     9     1187.1      597.3
389         58    10     9      478.5      598.0
390         68    10    11     1015.5      600.0
391         60    10     8      267.0      599.0
392        140    18    19     1369.3      604.1
393         93    18    14     1883.7      602.5
394        226    20    23      541.3      610.2
395         88    19    10     1166.7      604.8
396        188    12    24     1592.4      611.3
397        172    20    23     1820.3      611.8
398        107    12    15     1305.5      610.4
399         51    10     8     1566.2      606.6
400         53    10     8      102.4      610.3
401         76    10    12     1646.5      612.6
402         72     8    10     1911.5      613.5
403        112     8    16     1991.5      615.5
404         60     8    10      775.5      615.5
405        105    10    17        3.3      620.7
406        126    20    18       26.9      620.2
407         76    15    12      749.4      617.6
408         58    12    12     1791.2      618.4
409        178    21    20     2056.5      623.1
410         64    12    15     1023.5      625.0
411         61    16     6      125.0      625.7
412        286    24    34     1100.6      637.3
413         52     6    10     1270.5      627.5
414         77    12    11      517.1      628.7
415         94    14    17     1059.4      632.3
416        122    11    16     1463.7      631.8
417        108    22     8      334.9      629.0
418         73     9    18      549.9      637.7
419        231    30    21      586.5      636.4
420        244    20    28     1901.5      639.0
421         79    16     7     1697.6      632.7
422         64    10    10      158.7      637.6
423        213    21    23     1480.1      645.0
424         67    10    11     2126.3      637.0
425         51     9     8      777.2      637.5
426        138    12    26     1002.5      647.8
427        121    10    22     1732.4      643.4
428         53    10     9     1854.2      638.4
429        231    20    36     1621.1      655.1
430         68    10    10     1382.5      642.5
431         62    18     8     1180.4      644.6
432         84    10    12     1302.5      649.2
433         71    18     8     1835.6      652.3
434         56    10     9     1764.9      654.9
435        126    15    17     1207.3      658.2
436         74    10    10     1664.3      659.4
437        103    18    13     1083.2      662.6
438        101    24    16      619.7      669.7
439         69    14    15     1760.6      670.6
440         81    17    11     1303.3      669.7
441         56    13     7      597.3      669.1
442         52    12    14      847.5      674.5
443         71    12    10     1056.1      676.9
444        270    23    34     1456.7      687.7
445         61    11     8      107.0      682.0
446         92     8    20      145.4      687.3
447        114    18    16     1183.6      687.7
448        193    18    23     1350.3      690.6
449        193    22    27     1825.0      689.6
450        246    22    23     1879.4      693.8
451      13594   302   583     2424.5     1008.3
452        127    14    18     1297.0      695.8
453         74    14     8     1730.9      690.3
454        110    18    12     1575.5      693.0
455        187    12    29        3.7      702.5
456        102    22    14      588.2      695.2
457         84    12    12     1253.7      696.5
458        130    21    11     1661.6      696.0
459         54    16     6      775.5      695.5
460        166    18    18     2051.4      701.3
461         61     8    11     1203.3      702.7
462         82    20     7     1761.4      706.1
463         72    10    10      743.8      709.8
464         54     6    11     1076.6      709.0
465        369    44    36     2539.6      724.3
466         67    12     9      881.7      712.2
467         66    10     9     1028.3      712.2
468         62     8    10      350.0      714.5
469         81    12    16      721.6      718.0
470         55     7    10     1282.0      714.4
471         92    12    16      548.4      720.0
472         74    18    11      841.8      718.2
473         65    11     9     1257.1      716.2
474        110    22    10      322.5      718.9
475         56     6    11     1844.6      724.8
476         51    10     8      357.5      728.3
477         60    12     7     1129.8      727.1
478         68     8    11     1500.0      728.6
479         58    10    13     1332.5      734.0
480        135    20    18     1516.2      737.6
481        101    16    16     2089.3      735.4
482         56     8    10      519.5      735.5
483         61     9    11      964.7      735.7
484         91    22     9     1803.0      734.3
485         74    13    10     1181.6      736.9
486         60     9    11     1278.9      737.3
487         54     8     9       99.9      738.9
488         50    10     6      324.6      738.6
489         57    17     5      612.8      738.0
490         54    11     7     1044.7      738.5
491         51    10     9      718.3      743.0
492         99    16    16     1375.3      746.8
493         58    16     9     1017.7      745.7
494         83    14    10     1694.4      746.1
495         52     8     8      459.7      747.7
496         57    10     8     1928.4      747.2
497        171    22    17     1572.1      752.6
498         56    10     8     1188.2      752.1
499         52     8    10     2117.5      752.3
500         72    10    11      860.7      756.5
501         84    10    11     1306.4      757.7
502         98    19    10     2017.1      756.0
503         87     8    19     1668.4      765.3
504        197    32    15      543.5      768.8
505        157    10    20      612.5      770.2
506        321    32    34      708.6      775.5
507         78    14    14     1006.1      766.1
508         76    10    13     1096.2      767.8
509         50     8     8      879.8      768.2
510         56     9     8     2162.2      767.6
511         60    10     8      482.3      769.7
512         61    14    15     1644.1      773.1
513         66     8    14     2087.2      774.5
514         50     8     9       55.6      772.0
515         96    18    10      456.1      778.5
516         52     8     8      507.7      779.7
517         51     8     9      587.6      779.7
518         70    18     9     1622.5      782.7
519         54     8     9      487.4      787.9
520        145    26    10      656.8      789.2
521        102    22    13      620.6      792.8
522         50     6    10      962.6      793.7
523         60    12     9     2101.8      792.1
524         90    12    10     1689.2      795.9
525         75     8    13     1939.2      800.0
526         54    10     9      506.3      809.9
527         69    12    14      607.5      827.9
528         56    14    11      924.5      826.0
529      38993   679   305     1350.5     1009.4
530         81    16     6      663.6      836.3
531         55    15     6     1929.3      836.7
532         86    15    13      387.1      842.1
533        139    18    25      507.7      860.7
534         58     8    10     2139.2      859.5
535        132    22    22      408.6      868.4
536         75    14    17      586.9      867.8
537         73    12     8      611.0      875.8
538         61     7    14      602.6      889.9
539         60    10     9      583.9      897.2
540         92     8    15     2291.8      928.8
541        145    36    17      581.8      982.7
542         54    10     7     1962.5      982.0
543         58     8     9      859.7      985.3
544         53     8     9      427.8      991.8
545         62     3    24     2734.1     1035.1
546         95    20    11     1290.0     1041.1
547         70     9    13     1459.3     1054.4
548         62    12     9     1454.7     1075.7
549        194    22    18     2640.9     1087.1
550         71     3    26     2734.1     1110.8
551         50     6    10     1188.4     1109.3
552        279    23    25     2630.0     1118.1
553         56     8    10      135.5     1119.5
554        100     3    38     2734.1     1178.1
555         59     6    11     2572.5     1225.9
556        132     3    47     2734.1     1278.6
557         52    10     8     2528.2     1268.8
558         62    10     8     2004.9     1271.1
559         52    11     6      585.1     1274.3
560         52     6    10     1862.5     1277.5
561         58     8    10     1895.5     1363.6
562        333     3   118     2734.1     1417.4
563        107    21    15     1881.1     1378.9
564         89    14    10     1942.1     1383.3
565         72    10    10     1962.3     1402.6
566        136     8    18     1879.5     1414.5
567         56    10     8     1780.1     1415.2
568         60    12     6     1919.8     1414.6
569         56     8     9      767.9     1435.3
570         52     6    10     2038.5     1461.5
571         59    11     7     1765.5     1466.6
572         61    16    11     1821.4     1471.8
573         64     8    16     2297.6     1484.3
574        167     4    57     2734.0     1537.2
575         50     9     7     1627.7     1538.9
576         79    10    12     2713.9     1580.3
577        200     3    70     2734.0     1608.6
578         50    10     7     1924.6     1609.2
579         61    13    12     1708.4     1653.1
580         62    10     9      949.0     1653.4
581         58     7    15     1467.2     1675.4
582         87     3    31     2734.0     1682.7
583         81    18    12     1695.3     1680.5
584         66    10     9     2117.2     1715.4
585         63     7    12     2376.2     1732.3
586         99     3    36     2734.1     1745.8
587         92    12    11     2309.4     1769.6
588        111     3    40     2734.1     1795.2
589         74    12    10     2202.6     1819.6
