Flake Detection Statistics
==========================

Technique: v070
V threshold: 0.7, S threshold: 0.2
Hue range: 20.0-70.0
Min area: 50px
Open radius: 2, Close radius: 4

Total flake area: 18057 px
Total image area: 19961856 px
Coverage: 0.09%
Detected components: 22

Area stats: min=50, max=6384, mean=820.8, median=171.5

  #   Area(px)  Width Height    CenterX    CenterY
-------------------------------------------------------
  1         50     10     13     1646.6      561.6
  2        138     17     19     3316.6     1400.1
  3        190     15     35     3315.1     1436.6
  4        514     37     26     1433.5     1438.4
  5       6228    109    233     1517.7     1604.9
  6         71      9     14     1558.3     1497.0
  7         52      8      9     1349.3     1509.9
  8         64     10      9     3378.4     1637.6
  9         85     15     11     3378.9     1658.2
 10         58     16     10     3379.6     1681.4
 11        554     23     56     3374.1     1744.9
 12       6384     51    435     3046.2     1925.6
 13        496     34     57     3359.0     1821.7
 14        455     30     38     3338.6     1873.9
 15         57      9      9     3319.5     1901.9
 16        188     31     17     3305.2     1926.3
 17        670     40     49     3278.4     1959.2
 18         53     11     12     3244.6     2000.4
 19        584     57     63     3214.6     2068.0
 20        894     65     66     3162.0     2131.4
 21        117     13     13     1767.7     2152.5
 22        155     16     15     3063.9     2179.9
