Flake Detection Statistics
==========================

Technique: v070
V>=0.7, S>=0.2, H=20.0-70.0
Min area: 50px, open=2, close=4

Total flake area: 135444 px
Image area: 4990464 px
Coverage: 2.71%
Detected: 129 flakes

Areas: min=50, max=111526, mean=1050.0, median=82.0

  #       Area     W     H    CenterX    CenterY
--------------------------------------------------
  1        517    32    53     1084.2       64.5
  2         79     8    18      999.5       54.5
  3         66    10     9     1143.9       50.9
  4         50     7    11     1057.8       53.7
  5         65     8    14      966.8       71.1
  6        307    41    30     1001.5      102.4
  7        118    12    25     1400.3      101.4
  8        215    26    24     1233.2      116.8
  9        253    28    23      961.4      121.8
 10         98     8    17     1111.8      118.8
 11        241    27    14      928.2      119.3
 12        116    17    14     1414.2      125.1
 13         62    12     9     1303.4      129.9
 14         92    15    10     1357.9      131.1
 15        293    23    27     1376.1      138.8
 16         58     8    10      759.4      135.6
 17        209    26    31     1234.0      146.9
 18        108    20    13     1320.1      142.2
 19         77    19    10     1079.2      143.7
 20         50     7     9     1443.2      142.8
 21         81    17    12     1031.8      154.1
 22         71    22     9     1273.7      151.4
 23         50    10     8     1513.0      151.0
 24        195    33    27     1531.6      163.2
 25        262    27    34     1454.0      172.6
 26         58    12     7      981.8      164.0
 27        151    18    15     1479.3      165.8
 28         55    10     8     1204.4      165.1
 29         52     9     8      855.2      167.5
 30        166    12    19     1306.7      175.7
 31        112    10    18     1411.8      173.4
 32         66     8    13     1000.2      173.4
 33         66    19     8     1283.3      171.1
 34        415    37    33     1254.1      189.6
 35         64     8    12     1361.3      182.6
 36        129    17    13     1077.6      184.7
 37        160    10    24      915.4      191.4
 38         78    10    15      933.1      189.9
 39         69     8    11      731.4      196.9
 40        120    13    20     1049.1      203.2
 41        129    18    13     1371.0      200.0
 42         50     8     8      851.8      202.2
 43         55     8    10     1062.6      202.5
 44         90    10    12      902.8      216.9
 45        161    30    11     1407.9      219.3
 46         69    10     8      502.4      219.5
 47        143    12    18      761.1      226.1
 48         52     8     8     1017.3      219.7
 49        178    26    19     1047.8      233.7
 50         88    16     9     1360.2      228.8
 51         85    16     8      640.8      232.1
 52        106    16     9     1543.5      234.2
 53        149    26    12     1014.8      242.8
 54         69    12     8      681.3      248.1
 55         54     8     9      931.9      252.1
 56         93    10    19     1523.3      255.6
 57         68     9    10     1253.6      260.9
 58         60    12     6     1081.8      264.4
 59         51    10     7      151.0      268.4
 60         61    13     7      954.0      266.5
 61        157    15    17      823.7      280.1
 62         56    10     8     1572.9      275.2
 63        132    16    23      947.7      288.1
 64         81    18    12     1018.7      281.7
 65         52     8     8     1111.3      279.3
 66         64    10     8     1444.5      279.5
 67         76    11    10     1497.6      282.8
 68         56    10     9      880.1      293.1
 69         63    12     9      369.6      295.2
 70         55    12     6     1289.5      292.5
 71        101     9    16      916.8      299.2
 72         77    12    10     1015.1      298.6
 73         54     8    10      931.3      309.9
 74         89    17    11     1036.2      309.3
 75         63    14     7     1436.0      308.3
 76        116    16    17     1258.6      316.2
 77        288    32    29     1450.6      331.2
 78         57     8    13     1563.2      334.3
 79        102    20    12     1018.8      340.6
 80         86    19     8     1290.6      338.3
 81         75     8    17      251.9      349.3
 82         65    10    11      728.5      346.0
 83         65    11    11      904.1      345.9
 84         79    20     7     1376.2      348.3
 85         52    15     9     1583.7      351.2
 86         93    10    16      940.5      370.4
 87         52     8     8      729.7      371.3
 88        136    12    22     1093.9      379.5
 89         80    10    11      910.2      377.2
 90         56    11     6      154.1      376.4
 91         60    11     7     1382.0      389.1
 92         85    16     7     1331.8      418.4
 93       1296   151    31     1749.5      438.3
 94        162    24    17      463.2      444.9
 95        648    93    36     1618.3      456.1
 96         54    11     7     1389.9      460.9
 97     111526   745  1051     1414.5     1169.9
 98         71     7    14     1164.3      476.7
 99         85    16     8     1556.9      477.6
100        117    21    15     1521.6      495.6
101        297    44    34     1481.6      522.0
102         50     6    10     1034.6      567.7
103         69    10    10     1400.9      585.8
104         57     8     9     1211.2      586.3
105        147    19    19     1364.7      620.2
106         52    10     7     1077.0      650.4
107         50    10    10     1306.2      672.3
108        287    15    48     1705.6      712.2
109         52     9    13     1270.1      701.6
110         82     8    14     1247.5      723.8
111       1032    49    48     1095.5      842.1
112       6190    64   372     1586.7     1054.3
113        103    14    23     1046.1      905.0
114        110     7    19     1038.6      932.0
115        135    16    26     1063.6      988.3
116        269    20    25     1085.7     1041.0
117        984    50    48     1478.7     1049.2
118        393    29    27     1518.4     1161.6
119        168    18    18     1426.0     1285.9
120        139    17    17     1445.6     1319.6
121        179    19    16     1415.8     1325.2
122         52    10     7     2296.7     1484.4
123         80    10    15     2314.4     1580.5
124         76    14     6     1463.5     1608.5
125         90    10    14     1447.3     1707.7
126         64    10     8     2240.1     1735.5
127        131    36    15     2195.9     1760.8
128         55     7    10      360.7     1761.5
129         64    12     9     2185.9     1799.6
