Flake Detection Statistics
==========================

Technique: v055
V threshold: 0.55, S threshold: 0.15
Hue range: 15.0-80.0
Min area: 50px
Open radius: 2, Close radius: 4

Total flake area: 346716 px
Total image area: 19961856 px
Coverage: 1.74%
Detected components: 78

Area stats: min=50, max=235400, mean=4445.1, median=113.5

  #   Area(px)  Width Height    CenterX    CenterY
-------------------------------------------------------
  1         58     14     10     1096.7       14.9
  2      10783    688    129      361.0      831.4
  3         73      9     16      736.4      789.2
  4        184     36     21      664.2      797.1
  5       1010     60    100      728.2      848.1
  6        876     47     93      771.2      850.1
  7         70     15      8      628.8      810.5
  8         66     15      7      594.0      818.8
  9         92     22      7      536.4      829.0
 10         90     26      9      462.1      842.4
 11         68     13      8      421.8      849.3
 12         68     15      7      395.0      853.4
 13        109     24      9      362.1      857.9
 14         68     19      8      295.4      866.7
 15        174     45     10      224.8      877.3
 16        121     30     10      130.5      890.6
 17        115     28     10       69.8      900.7
 18      54624   2088    680     1721.8     1438.4
 19        158      7     26      745.9      915.5
 20        103     23      8       24.0      910.3
 21         62     11     13      752.9      999.0
 22        190     47     20     1045.6     1466.4
 23         77     21      6     1500.2     1524.3
 24         70     19      6     1532.4     1524.4
 25        110     33      6     1566.7     1525.1
 26         50     15      6     2393.8     1540.7
 27        105     31      7     2428.9     1542.6
 28        167     32     11     2751.7     1575.9
 29         99     16     12     2871.8     1576.7
 30        112     18     10     2909.9     1581.7
 31        892     38     48     2796.2     1607.4
 32         71     13      7     2975.4     1590.8
 33        187     47     11     3055.5     1601.0
 34        142     30     10     3112.1     1608.6
 35         68     18      8     3152.9     1614.4
 36         73     14      8     3184.6     1619.8
 37         51     10     12     2769.1     1635.1
 38        182     13     31     2756.3     1667.5
 39         51     12      7     3107.0     1664.9
 40        639    110     19     3165.1     1670.4
 41         50     13      6     3243.5     1673.4
 42        170     16     26     2723.0     1718.9
 43         80     12     12     2840.7     1722.4
 44        118     22     16     2827.6     1750.0
 45       2280    221    292     2609.7     1881.2
 46        890     52     58     2851.8     1787.8
 47     235400   1028    598     2792.9     2192.0
 48         97     16     18     2471.8     2055.3
 49        185     28     17     2565.2     2071.4
 50        157     23     14     2600.4     2069.1
 51         58     10     10     3047.1     2076.0
 52         53      9     10     2454.3     2076.6
 53         61     10     10     2442.9     2090.6
 54        103     18     21     2427.5     2108.0
 55        248     30     22     2527.3     2111.2
 56        174     29     31     2402.1     2140.0
 57        210     21     27     2556.9     2148.5
 58        339     29     45     2476.8     2168.7
 59        110     12     21     2512.1     2161.3
 60        103     12     17     2538.5     2165.1
 61       1136    161    167     2305.2     2240.6
 62        319     36     28     2465.3     2199.0
 63         74     19      9     2528.4     2189.1
 64         97      9     15     2431.5     2221.7
 65         55     13      9     2482.1     2223.8
 66        184     16     25     2450.0     2242.3
 67         83     17     12     2398.6     2247.4
 68        173     29     20     2443.5     2274.8
 69         62     11     10     2211.9     2336.3
 70        523     78     43     2162.3     2364.7
 71        557    112     46     2059.9     2409.3
 72        284     59     29     1969.7     2444.8
 73         67     15     10     2043.0     2449.4
 74       1035    152    124     1862.3     2527.1
 75      28325   1838    127      940.5     2568.2
 76        288     46     36     1867.9     2562.7
 77        118     31      8     1689.4     2577.3
 78        142     31      6     1761.2     2585.3
