Flake Detection Statistics
==========================

Technique: v055
V threshold: 0.55, S threshold: 0.15
Hue range: 15.0-80.0
Min area: 50px
Open radius: 2, Close radius: 4

Total flake area: 307290 px
Total image area: 19961856 px
Coverage: 1.54%
Detected components: 53

Area stats: min=50, max=290593, mean=5797.9, median=109.0

  #   Area(px)  Width Height    CenterX    CenterY
-------------------------------------------------------
  1       1844    172     79     2330.5     1391.5
  2        635     53     27     2478.3     1445.2
  3         92     12     16     2732.1     1608.1
  4       5297    172    124     3192.9     1689.5
  5       1004    115     46     2849.8     1664.1
  6         74     18      9     2927.0     1689.6
  7        213     24     31     3328.9     1729.7
  8        100     18     13     3104.3     1738.9
  9        542     45     29     3226.6     1750.0
 10        431     37     26     3671.5     1915.4
 11         98     15     13     2486.3     1913.3
 12     290593   1057    945     2844.9     2413.0
 13         56     14     10     4688.2     1947.4
 14        236     32     17     4314.3     1953.7
 15         52     12     12     4663.8     1952.7
 16        354     54     21     4357.7     1965.9
 17        117     20     10     4642.3     1962.9
 18         56      9     10     4621.3     1969.6
 19         87     20     10     4601.5     1976.1
 20        517     72     22     4428.9     1986.0
 21        949     54     32     3831.6     1992.6
 22        116     24     11     4566.6     1986.9
 23         66     20     11     4504.8     1998.6
 24         91      9     20     4166.7     2040.9
 25        399     46     36     4182.5     2090.9
 26        109     21      9     5075.3     2302.0
 27        109     18     19     5097.5     2316.7
 28        179     34     36     5069.6     2347.5
 29        150     22     21     5003.2     2418.2
 30         93     14     16     4731.9     2581.8
 31         54     18      9     4475.1     2581.9
 32         60     14      8     4277.4     2638.4
 33        108     15     15     2982.1     2659.3
 34         65     15     12     4201.6     2691.0
 35        237     34     35     4154.1     2735.5
 36         76      7     16     4135.3     2769.6
 37        239     35     32     4081.4     2829.4
 38         55     10     14     4055.8     2853.9
 39         51     16      6     3411.9     2867.3
 40        160     20     30     4036.9     2888.7
 41        245     38     34     3999.5     2924.3
 42         63      6     14     4226.5     2925.7
 43         63     12     11     3577.3     2944.3
 44         66     15     12     3969.4     2947.9
 45         56     10     12     4447.7     2952.8
 46         67     11     12     3582.3     2974.4
 47         67     14     11     3931.5     2984.1
 48        228     25     44     3880.5     3052.2
 49         82     17      7     3778.7     3101.0
 50         50      7     10     3760.5     3121.4
 51        110     25      7     3672.9     3187.5
 52        295     22     22     1013.6     3331.6
 53        134     15     14     3573.8     3564.7
