Flake Detection Statistics
==========================

Technique: v070
V>=0.7, S>=0.2, H=20.0-70.0
Min area: 50px, open=2, close=4

Total flake area: 186056 px
Image area: 4990464 px
Coverage: 3.73%
Detected: 49 flakes

Areas: min=50, max=64771, mean=3797.1, median=329.0

  #       Area     W     H    CenterX    CenterY
--------------------------------------------------
  1        271    20    19      756.9        7.3
  2        277    44    10      808.2        2.9
  3       4061   170    87      869.0       45.2
  4         72    11    10     2132.3        3.7
  5        485    53    55     2184.0       26.5
  6        197    26    22     2100.8       28.7
  7         85     9    15     2075.0       53.4
  8         78    10    11      656.8       53.1
  9         60    10     8     1072.4       53.7
 10        156    37    11     2120.0       65.0
 11        332    28    26     1018.3       77.9
 12         53     9     8     1387.9       91.6
 13       6787   306   205     1433.1      186.8
 14        329    35    23     1041.7      120.4
 15         96    10    12     1110.3      120.4
 16         63     8     9     1175.5      164.9
 17         70    10     9     1226.3      168.8
 18        134    18    16      824.0      183.2
 19         58    12    10      997.6      278.6
 20       1351    59    40      649.4      330.3
 21       8660   340   388      919.1      588.9
 22       3114   127   276     1593.8      570.5
 23        473    65    47     1488.6      509.6
 24         54    10     7     1446.6      541.0
 25        342    43    43     1414.9      569.5
 26        229    33    32     1372.6      610.3
 27       3698   160    61     1259.6      633.1
 28        100    17    13     1203.2      684.5
 29       4627   351   351     1243.8      873.5
 30         56    14    12     1171.2      709.6
 31      10069   426   425      667.7      867.4
 32        182    28    35     1141.8      743.2
 33       2295    52    99     1553.2      809.2
 34       1468    60    62     1631.0      783.2
 35         50     7    10     1640.1      840.3
 36         61     6    13     1708.2      884.8
 37      17985   600   283     1480.6     1064.4
 38      12141   371   285      998.3     1142.1
 39      11694   230   213      800.8     1180.5
 40      64771  1498   698     1224.8     1452.5
 41       1876    57    51     1447.9     1217.5
 42         53    10     9     1608.5     1213.2
 43         59     8    12     2451.7     1334.1
 44         77    19     7     1765.1     1356.6
 45      21537   372   390     1668.9     1593.8
 46        507    34    26      579.9     1487.0
 47        819    41    30      769.9     1498.6
 48       1028    44    36      788.8     1721.8
 49       3016    70    58      740.1     1797.3
