Flake Detection Statistics
==========================

Technique: v055
V threshold: 0.55, S threshold: 0.15
Hue range: 15.0-80.0
Min area: 50px
Open radius: 2, Close radius: 4

Total flake area: 208804 px
Total image area: 19961856 px
Coverage: 1.05%
Detected components: 84

Area stats: min=50, max=142317, mean=2485.8, median=180.0

  #   Area(px)  Width Height    CenterX    CenterY
-------------------------------------------------------
  1        178     18     16     1406.9      605.3
  2        995     93     18     1470.0      615.9
  3       1782    210     76     1654.6      642.1
  4        112     20      8     1532.5      631.6
  5       3110    182    256     1287.3      765.2
  6        213     28     13     1783.9      681.6
  7        424     71     29     1838.7      704.0
  8         54     13      6     1912.7      725.5
  9        386     64     23     2003.3      752.7
 10         85     21      9     1936.1      756.5
 11        327     42     17     2071.4      775.0
 12         55     12      7     1980.1      773.3
 13         92     17     13     2133.0      791.5
 14        203     23     15     2161.0      802.4
 15        166     51     16     2110.5      811.1
 16        105     22      7     2186.0      813.1
 17         88     20     11     2244.9      821.9
 18        165     26     18     2266.6      833.3
 19        379     58     25     2223.5      857.3
 20        153     33     12     2326.1      862.4
 21        361     43     24     2373.3      876.3
 22        108     25      6     2276.3      874.5
 23         51     11      8     2298.4      877.7
 24         51     14      9     2322.2      883.2
 25         99     13     13     2405.3      885.7
 26       2032     93    139     1155.1      960.0
 27        588     62     28     2468.7      905.3
 28        367     55     24     2423.6      920.2
 29         57     15      8     2513.4      918.5
 30        271     41     23     2547.1      932.1
 31        648     69     26     2618.9      958.3
 32         87     18      8     2548.7      958.5
 33        687     70     40     2704.2      988.1
 34        142     27     16     2701.8     1014.1
 35        110     18      9     2761.9     1011.2
 36       3772    371    140     2961.5     1087.6
 37        350     68     24     2773.8     1042.6
 38        177     32     19     2824.5     1063.3
 39         51     10     10     1092.3     1062.7
 40       3194    104    118     1127.2     1144.5
 41        117     26     14     2931.0     1113.8
 42        238     49     23     3005.3     1134.4
 43         63     12     11     3062.5     1154.3
 44        975    119     36     3202.1     1175.6
 45        538    103     42     3122.9     1180.3
 46        277     44     41     3295.5     1210.7
 47       4808    346     92     1333.6     1236.6
 48        411     79     22     3237.1     1212.0
 49        677     33     94     3306.5     1287.9
 50        207     35     20     1544.2     1276.7
 51        108     20      8     1521.8     1299.3
 52       5796    509    307     1790.6     1482.9
 53       6727    389    313     3130.5     1515.7
 54        599     45     36     1730.4     1393.7
 55        199     28     33     1746.0     1429.3
 56        218     46     45     1786.5     1476.4
 57         69     22     17     1854.7     1513.3
 58         51      9      9     2371.1     1553.0
 59        201     36      9     2404.0     1566.8
 60         56     13      6     1983.5     1579.8
 61         87     24      6     2027.1     1580.3
 62         53     15      7     2066.4     1581.8
 63       5080    481     44     2689.3     1614.6
 64       5222     69    150     2088.0     1710.1
 65        180     20     32     2349.9     1647.6
 66       7425    104    142     2399.5     1714.0
 67        609     60     66     2151.7     1692.7
 68     142317    580    568     2579.8     1977.4
 69        387     65     47     2277.5     1694.3
 70        180     38     13     2217.6     1715.7
 71       1297     45     70     2275.3     1762.7
 72         53     11      7     2201.1     1737.5
 73         79     18     10     2251.1     1740.4
 74         51     10     10     2387.2     1794.5
 75        387     39     40     2386.7     1814.8
 76         81     13     15     2365.8     1852.4
 77         50      8      9     2317.7     1965.8
 78        141     21     27     2300.7     2001.0
 79        109     16     13     2277.5     2053.2
 80         88      8     18     2271.1     2085.6
 81         97     12     14     4709.0     3332.6
 82         71     10     11     4675.6     3380.8
 83         58     10     13     4622.3     3384.6
 84         92     17      8     4288.3     3420.0
