Flake Detection Statistics
==========================

Technique: v070
V threshold: 0.7, S threshold: 0.2
Hue range: 20.0-70.0
Min area: 50px
Open radius: 2, Close radius: 4

Total flake area: 301810 px
Total image area: 19961856 px
Coverage: 1.51%
Detected components: 46

Area stats: min=50, max=286839, mean=6561.1, median=113.0

  #   Area(px)  Width Height    CenterX    CenterY
-------------------------------------------------------
  1       1521    147     68     2322.1     1388.3
  2        116     23     11     2428.3     1434.5
  3        506     51     21     2479.3     1445.7
  4         70     12     14     2732.1     1609.4
  5       4763    172    124     3190.0     1690.5
  6        923    105     46     2847.3     1663.2
  7         74     18      9     2927.0     1689.6
  8        209     24     31     3328.7     1729.4
  9         87     18     13     3104.1     1738.9
 10        542     45     29     3226.6     1750.0
 11        425     37     26     3671.4     1915.3
 12         80     15     13     2485.8     1913.6
 13     286839   1045    943     2845.2     2412.0
 14        232     32     17     4314.3     1953.6
 15        299     50     20     4361.0     1966.5
 16        105     19     10     4642.4     1962.7
 17        493     72     22     4428.0     1985.7
 18        906     54     32     3831.4     1993.1
 19        103     24     11     4566.2     1987.1
 20         66     20     11     4504.8     1998.6
 21         91      9     20     4166.7     2040.9
 22        397     46     36     4182.5     2090.8
 23        109     21      9     5075.3     2302.0
 24        109     18     19     5097.5     2316.7
 25        179     34     36     5069.6     2347.5
 26        150     22     21     5003.2     2418.2
 27         91     14     16     4731.8     2581.8
 28         54     18      9     4475.1     2581.9
 29         60     14      8     4277.4     2638.4
 30         67     13     13     2983.2     2660.7
 31         65     15     12     4201.6     2691.0
 32        237     34     35     4154.1     2735.5
 33         76      7     16     4135.3     2769.6
 34        239     35     32     4081.4     2829.4
 35         55     10     14     4055.8     2853.9
 36        160     20     30     4036.9     2888.7
 37        245     38     34     3999.5     2924.3
 38         53      6     13     4226.3     2926.4
 39         66     15     12     3969.4     2947.9
 40         67     14     11     3931.5     2984.1
 41        228     25     44     3880.5     3052.2
 42         82     17      7     3778.7     3101.0
 43         50      7     10     3760.5     3121.4
 44        110     25      7     3672.9     3187.5
 45        287     22     22     1013.9     3331.6
 46        124     14     14     3573.6     3564.5
