Flake Detection Statistics
==========================

Technique: v070
V>=0.7, S>=0.2, H=20.0-70.0
Min area: 50px, open=2, close=4

Total flake area: 324951 px
Image area: 4990464 px
Coverage: 6.51%
Detected: 129 flakes

Areas: min=50, max=228145, mean=2519.0, median=161.0

  #       Area     W     H    CenterX    CenterY
--------------------------------------------------
  1       2236    75    48     1114.4       20.6
  2     228145   688   961     2526.8      295.9
  3         73    17    10      121.4        6.0
  4        559    37    40       19.1       27.3
  5         63    10     9     1956.5        9.1
  6        464    44    30     2028.8       18.4
  7       5046   116   145       53.4       74.3
  8        165    23    24      169.7       21.9
  9         95    12    20      200.1       16.7
 10         66     9    14     1979.0       22.2
 11         72    23     9      228.4       35.4
 12        581    42    29     1152.4       51.6
 13        165    20    26      120.4       56.8
 14         76    10    11     2047.3       50.5
 15         95    18    15       97.7       55.2
 16         57    10     9        5.1       55.3
 17         97    13    15     1977.8       59.4
 18         61    14     8      200.3       57.8
 19        256    20    30     2122.7       95.9
 20         57    11     8     2102.6       88.8
 21        114    12    27     2068.7      100.3
 22         75    10    17     2089.5      101.4
 23       1877    72    45      799.1      118.7
 24         65    12     8     2149.0      138.4
 25       5067    85    98      304.4      195.4
 26        156    19    21      267.1      230.4
 27         72     9    15     2268.3      239.4
 28         67     9    14     2269.1      262.4
 29         92    13    11     2293.3      263.6
 30         67    12    13     2272.8      316.9
 31        281    23    26     2362.5      350.0
 32        100    15    16     2410.4      396.8
 33        197    13    22     1205.0      403.5
 34        118    21     9     2422.0      444.1
 35        199    25    32     2459.5      457.0
 36        253    17    31     2485.8      461.5
 37        326    25    24     1120.4      491.2
 38        222    17    29     2481.8      495.3
 39         86    13    11     2454.8      491.6
 40        961    50    36     2269.4      535.0
 41         75     8    14     2476.6      542.8
 42        161    18    17     2458.6      554.0
 43       5094    93    89     1148.4      593.2
 44        801    51    51     2512.4      580.2
 45        214    15    28      618.1      607.2
 46        675    37    28     1524.0      627.5
 47        739    41    27      906.6      641.3
 48         58    12    13     2528.0      651.2
 49        123    18    10     2534.9      680.0
 50       4078   127    68     1280.6      736.6
 51        407    33    20     2155.7      721.5
 52         55     7    11     2530.9      722.1
 53        115    22    15     2586.6      741.9
 54       1810    35    83      241.1      814.7
 55        108    19    18     2362.2      808.3
 56         67    12    11     2521.1      807.1
 57         74    12     9     2608.7      810.2
 58         61    11     9     2726.0      815.1
 59         72    13    10     2610.1      827.7
 60        132    18    17     2482.6      846.3
 61         62     8    12     1486.4      858.5
 62         73    13    11     2460.5      857.5
 63       2626    71    82     2475.3      894.4
 64        156    17    19     1607.7      922.6
 65        232    22    17     1476.1      932.1
 66        135    14    24     2719.4      943.9
 67         78    21     7     2701.7      945.0
 68       4129    92    74      161.3      992.2
 69        321    35    28     2704.0      974.7
 70       1308    51    49     1635.4      989.9
 71        604    60    49     2676.1      992.2
 72         50     5    14     2724.0      989.5
 73        248    30    17     2650.5     1009.5
 74         96    11    13     1503.6     1009.7
 75        121    18    13     2717.8     1010.8
 76        504    35    35     2709.2     1033.5
 77        149    23    16     2665.5     1029.5
 78        211    21    30     1488.8     1073.8
 79        695    64    24     2322.5     1078.7
 80       1666    67    40     1731.9     1138.8
 81       1854    54    67     1520.9     1182.1
 82       1177    65    26     1272.4     1169.7
 83        108    11    17     2693.2     1168.8
 84        965    63    26     2303.6     1189.5
 85         52     8     9     1427.0     1192.9
 86       1234    43    52     1850.3     1251.9
 87        269    31    20     2413.2     1242.2
 88       2286    70    69     1380.2     1283.9
 89         57    11     7     2697.2     1261.3
 90        138    12    15     2235.3     1317.9
 91         58    10    12     2381.6     1331.4
 92         83    13     9     2140.5     1397.8
 93         63    12     7     1557.9     1403.5
 94       4885   112    89     2408.8     1445.6
 95        656    25    40     1302.0     1436.2
 96        444    26    32     1465.0     1434.2
 97         70     9    14     2187.6     1447.7
 98         78    13     8       69.8     1450.2
 99         80    20     9     2711.0     1467.1
100       7306   126   111      315.2     1522.3
101         75    12     9     2086.5     1473.6
102       2100   102    49     2687.4     1509.0
103       1158    50    39     1709.5     1516.7
104        170    15    22     2024.8     1510.6
105        187    15    19     2139.4     1533.7
106       6994   117   136     1732.9     1614.4
107         88    20    13     1133.3     1559.4
108         50    14     6     2702.0     1554.3
109         79    10    12     2139.7     1560.4
110        276    43    33     2644.6     1573.1
111         87    15    13     1112.6     1578.7
112         62    13     7     2127.2     1574.7
113       3202   143   102      993.4     1653.4
114         77    18    15     2723.1     1646.9
115         70    16     9     2680.3     1647.3
116        325    36    26     1830.4     1660.5
117         54    11    12     1140.9     1661.9
118        391    28    22     2696.7     1668.5
119        234    24    21     2663.4     1670.8
120         89    19    22     1113.8     1690.7
121         61     9    10     2709.3     1692.0
122       4644   117   101     2660.7     1748.9
123        235    18    26     1026.8     1720.1
124       1021    46    40     1817.5     1749.6
125       2924   121    94     1898.1     1782.8
126        564    25    33     2707.0     1808.1
127        131    20    22     2619.4     1812.6
128        211    20    16     2665.2     1817.6
129        322    37    13     1792.2     1818.8
