Flake Detection Statistics
==========================

Technique: v070
V>=0.7, S>=0.2, H=20.0-70.0
Min area: 50px, open=2, close=4

Total flake area: 14114 px
Image area: 4990464 px
Coverage: 0.28%
Detected: 108 flakes

Areas: min=50, max=1373, mean=130.7, median=86.0

  #       Area     W     H    CenterX    CenterY
--------------------------------------------------
  1         52    19     4      581.3        0.9
  2         66    20     4      742.4        1.2
  3         75    10    12     1711.5        4.6
  4        128    15    12     2501.4        4.2
  5        141    14    35      388.7       32.2
  6       1373   171    67     1300.1       48.3
  7         80    17     8     1507.7       21.7
  8        282    40    27     1468.3       34.2
  9         69     8    12     1212.7       42.4
 10        218    29    26      818.7       59.9
 11        484    49    55     1239.9       77.6
 12         67    13    11     1437.3       57.1
 13        148    11    25      400.2       74.2
 14        104    20    15      874.2       66.1
 15        150    20    20     1034.5       79.9
 16         88    18     8      538.9       78.4
 17         52    16    11      626.4       82.1
 18        103    16    18      586.8       97.3
 19        218    28    12       75.9       94.6
 20         75     7    15      813.1      101.9
 21        117    18    12     1650.0      102.3
 22        144    11    27      382.8      110.2
 23        174    19    23       66.6      113.5
 24         55     8    11      646.7      107.8
 25        427    64    36     1354.3      126.8
 26        245    33    31     1287.4      125.6
 27        104    10    23      380.2      139.8
 28        106    12    16     1408.0      141.9
 29        144    11    28      374.7      168.6
 30        115    14    23     1414.6      193.9
 31        115     9    19      385.6      203.2
 32         82    17     8      487.8      214.6
 33         57    11     9      458.8      216.9
 34        378    40    38     1338.6      235.7
 35        236    12    35     1362.3      263.4
 36         94    18     9      863.6      333.1
 37        107    25    14     1131.4      344.5
 38         52     9     7      861.1      357.0
 39         87    23     7     1093.0      366.4
 40        140    36    10      767.3      387.1
 41         69    13     9      801.2      396.0
 42         75    14    16      714.0      405.8
 43         99     7    20      816.5      416.1
 44         58     9    13      708.1      431.2
 45         80    10    16      510.7      443.8
 46         93    14    15      495.6      542.0
 47        100    26    19     2180.2      571.7
 48         89    18     9      491.7      583.7
 49         53    10    10      574.6      586.7
 50         68    18    10     1574.7      589.1
 51        106     7    19      704.9      599.5
 52         70     8    15     1395.8      603.8
 53         65     8    14     1523.8      609.2
 54         53     8     9      497.6      608.7
 55         85    16     8     2157.7      608.3
 56         95    19    10      328.2      612.3
 57        154    16    24      308.6      620.9
 58         70     7    16     1481.5      619.1
 59         60     9    14      683.2      629.2
 60         51    13     9     1205.0      636.0
 61         73    18    15      306.6      645.9
 62         73    12     8     1334.6      642.6
 63         99    24     8      363.0      652.2
 64        327    29    34     2448.4      730.3
 65         90    15    11     1913.1      781.7
 66         65     8    13     1766.6      795.8
 67         53     6    13     1227.7      829.6
 68        110    10    21     1396.7      858.4
 69         86    16    10      308.0      891.4
 70        126    18    20      251.2      915.5
 71        418    66    24     1956.9      925.7
 72         86    10    12     2007.9      920.2
 73         52     8     9     1911.2      957.1
 74         53     9    10      896.9      958.2
 75        123    28    13     2008.0      961.6
 76        118    22    11     1964.6      964.2
 77         53    10     7     1402.6      979.2
 78         62     7    12     1952.1     1000.6
 79         51     8     9     1885.6     1010.9
 80        127    10    21     1879.9     1034.8
 81         64     8    14     1389.5     1083.9
 82         63    13     7      762.2     1243.5
 83         68    13     7      649.3     1248.5
 84         57    13     8      720.0     1264.6
 85         50     9     9      731.3     1272.1
 86         83    11    12      696.7     1280.8
 87         85    14     9      746.9     1281.7
 88        225    22    17      719.4     1286.4
 89         65    18     8      803.4     1282.1
 90        215    14    34      784.8     1338.1
 91        120    19    11      758.8     1330.9
 92         69    12     9      805.7     1354.5
 93         69    11    13     2154.9     1373.3
 94         73    11    13     2567.4     1475.6
 95         66    11    10     1850.0     1516.0
 96        298    38    32     2555.1     1542.6
 97        225    33    29     2543.2     1559.7
 98         62     9    16      307.2     1656.2
 99        100    21    12     1467.2     1656.1
100         68    19     8     1246.9     1659.9
101        105    16    20     1601.8     1672.2
102         50    12     6     1207.6     1668.3
103         53    10     9     1426.7     1699.2
104        351    39    35     1613.9     1716.0
105         50    14     6     2370.0     1709.3
106         50     8    11     2442.3     1719.8
107        467    57    36     2384.3     1745.1
108         73    17     9     1573.2     1745.2
