Flake Detection Statistics
==========================

Technique: v055
V threshold: 0.55, S threshold: 0.15
Hue range: 15.0-80.0
Min area: 50px
Open radius: 2, Close radius: 4

Total flake area: 26317 px
Total image area: 19961856 px
Coverage: 0.13%
Detected components: 29

Area stats: min=50, max=8548, mean=907.5, median=148.0

  #   Area(px)  Width Height    CenterX    CenterY
-------------------------------------------------------
  1         50     10     13     1646.6      561.6
  2         65     13     16      909.6      645.1
  3         50     13      9     1066.9      676.8
  4         74      7     15        2.4      688.3
  5         98     11     19     3143.3     1236.8
  6         51     10     10     3314.4     1262.4
  7        408     27     51     3316.3     1332.4
  8         50      8      9     1251.3     1325.7
  9         63     18     12     3326.6     1366.0
 10        663     26     63     3316.7     1424.0
 11        609     37     33     1434.1     1438.0
 12        279     20     25     2987.9     1437.9
 13        189     16     21     2990.7     1469.6
 14         66     10     12     3314.2     1468.0
 15       7697    110    234     1520.3     1599.3
 16        152     23     15     1346.8     1508.4
 17         68      8     16     2981.1     1544.1
 18        140     11     19     3378.7     1632.5
 19        318     19     35     3378.1     1671.6
 20         61      7     12     3371.1     1703.2
 21        922     29     64     3375.6     1747.9
 22       8548     76    467     3044.4     1932.7
 23       1675     64    126     3350.1     1845.5
 24         54      9     14     3010.0     1810.5
 25       1667     98    110     3276.6     1966.8
 26       1945    127    129     3184.0     2105.8
 27        148     15     13     1767.6     2151.8
 28        149     14     18     3126.9     2176.5
 29         58     17      6     3076.4     2203.4
