Flake Detection Statistics
==========================

Technique: v055
V>=0.55, S>=0.15, H=15.0-80.0
Min area: 50px, open=2, close=4

Total flake area: 38887 px
Image area: 19961856 px
Coverage: 0.19%
Detected: 296 flakes

Areas: min=50, max=2423, mean=131.4, median=84.0

  #       Area     W     H    CenterX    CenterY
--------------------------------------------------
  1         76     9    14     3848.9        7.3
  2         56     7    14      545.2       13.0
  3         64     7    13      464.7       21.4
  4         51    12    10     3151.3       22.7
  5         86    17    12     3414.3       24.2
  6         65    14     8     3738.0       24.3
  7        112    24    19     4126.5       28.5
  8         58    14     9     3370.3       31.8
  9         69     9    13     3259.2       39.2
 10         71    18     9     3826.5       38.5
 11         55    15     9      535.0       46.0
 12         61    10     9      363.3       52.3
 13         88    20    12     3570.8       56.8
 14         71    14    14     3894.0       58.5
 15        220    28    16     3596.4       66.2
 16        140    20    14      386.6       73.0
 17        161    31    24     3635.9       85.7
 18        138    23    16     2128.2       82.7
 19         57     8    11     2533.6       85.9
 20         90    13    16     1700.9       98.1
 21         53    14     8      329.0      100.5
 22         57    15    10     2521.6      134.1
 23        108    16    10     2114.1      167.0
 24        139    28    10     1168.5      184.9
 25         52     5    14     2508.0      187.4
 26         86    25     7     5446.4      188.6
 27        198    15    30     5414.7      216.2
 28        107    15    14     3543.1      220.7
 29         52     9    11     2491.9      224.0
 30         52     7    10     4322.9      225.6
 31        102    12    17     2535.6      231.0
 32         61    11    13     2549.0      239.4
 33         56    10     8     5415.8      247.1
 34         58    14     7     2476.7      262.9
 35         61     7    11     3654.2      265.8
 36         54    15     6     1373.4      266.6
 37         63     7    12     4314.6      279.3
 38         66     9    14     3561.3      293.2
 39         51    13    12     2456.2      295.6
 40         63    14    10     3591.0      298.2
 41         65    12     8     5460.4      307.5
 42        352    18    52     3543.5      359.4
 43        135     9    24     1994.9      368.0
 44         57     8     9     3031.4      366.4
 45         60     9    12     3003.0      373.3
 46        124    26     9     3486.7      385.8
 47        105    10    15     2972.6      391.5
 48         73     8    23     2306.8      411.4
 49         93    17    11     2733.0      406.2
 50        100    13    14     2410.1      408.2
 51        146    28    17     2592.2      421.2
 52         77    19    12      877.6      426.8
 53         57     7    11      905.5      426.4
 54         53    14     8     3033.3      439.6
 55         95    17    10     3521.9      439.7
 56        104    20    12      291.5      446.6
 57         96    11    14     3493.9      451.0
 58         79    12    18     4907.0      455.0
 59         60    12     9     1485.1      453.5
 60         65    12     8     2303.3      451.4
 61         96    19     9      315.1      457.9
 62         80    10    15      273.6      464.9
 63         79     9    14     2423.4      466.5
 64         54    12    14     3551.4      471.6
 65         86     8    14     3453.3      474.3
 66         60     7    13     2262.7      478.8
 67         64    14     7     2282.6      476.6
 68        127    26    11     3048.9      499.2
 69        176    24    20     3520.0      505.7
 70         93    23     7     4096.8      500.1
 71        184    19    25     3346.6      511.4
 72         84    19    11     3401.5      507.0
 73         83     8    19     3444.7      512.8
 74         89    12    16     3286.3      513.7
 75         94    22    14     3106.9      520.9
 76         73    10    17      273.0      526.9
 77         94    18     7     3060.4      523.8
 78         62    11    12     4338.9      528.5
 79         57    11     9     3379.1      530.7
 80        151    21    17     3480.4      536.2
 81         53     9    13     3083.1      534.4
 82         75    10    16     3392.4      544.4
 83         91    16     9     4087.0      546.2
 84         70    11    12     3092.4      554.5
 85        136    16    17     3379.5      568.1
 86         99    14    13     3204.0      581.9
 87        120    24    10     3304.7      595.3
 88         72    11    13     3169.1      601.6
 89         55     6    13     3129.5      614.1
 90        134    22    14     3199.1      616.1
 91        163    12    31     4130.8      632.3
 92         70    10    13     3156.6      628.1
 93         67     7    15     1391.9      640.0
 94         67     7    15     1494.5      650.1
 95         66     8    10      197.8      659.7
 96         55     9     8     2312.9      660.5
 97        106    14    18      455.8      672.8
 98         59    14     7     3510.4      673.1
 99        208    28    16      178.4      684.8
100        164    20    27      373.2      694.4
101         85    13    11      213.0      695.3
102         64    10    10     2850.8      697.9
103        109    11    18     5367.4      701.8
104         65     7    13      291.8      708.2
105        121    17    15     3566.2      713.6
106        533    45    44      186.5      744.8
107         57     9     9      359.4      723.8
108         92    17    11      583.4      741.1
109        181    28    17     3152.3      750.5
110        102    17    12      546.8      755.4
111         53     7    11      266.0      762.1
112        226    35    19      157.7      775.4
113         72     9    12      477.1      778.3
114         63     9    11      393.7      779.5
115         64    15    14     4364.1      791.1
116         56    14    14      138.6      795.1
117         52     7    15      273.3      795.2
118        144    18    25     3698.5      829.3
119         64    14     9      269.6      826.2
120        127    17    13      200.0      849.9
121        315    21    33     3396.3      861.7
122         96    13    12      227.3      868.4
123        131    19    15     5393.2      872.8
124         60     7    13     2264.0      886.2
125        665    35    64     3395.5      919.1
126         59     9    12     3702.1      900.6
127         80    25     8     4083.0      903.8
128         52    12     7     4054.5      928.0
129        109    26     8     4087.6      929.1
130        119    17    19     5383.2      938.2
131        124    12    16      122.5      951.2
132         52     7    11     3697.1      951.7
133         72    10    13     4151.8      954.4
134         54     6    12     4132.3      963.4
135         50    14     6      904.0      963.7
136         96    18    18     3579.8      975.1
137         76    19     7      651.0      980.0
138         59     7    11     2028.4      980.7
139         54    12     7     1016.2      987.1
140         53    12     7     5395.7      986.9
141         81    17     9      797.0      991.2
142        120    22    12     3507.1     1012.9
143         60    13     7     3651.7     1019.2
144         65     9    10     3573.8     1031.3
145         64     9    11     2454.5     1060.7
146        156    31    14     5138.6     1071.6
147         54     7    11      624.0     1073.1
148         58    15     6     5151.5     1088.6
149         50    11     6     1454.9     1092.7
150        120    20    10     4704.5     1097.0
151        268    40    30      183.0     1117.0
152        146    23    17      843.6     1111.9
153        208    29    23      599.3     1123.7
154         69    11     9     4649.9     1137.2
155         67    14     7     4653.0     1155.8
156         80    18     8      104.8     1159.0
157         94    21     8     4034.1     1169.3
158        140    28    10      630.4     1175.8
159        356    46    23     3253.8     1202.0
160         57    14    11     1793.2     1239.7
161         76     8    15     5087.4     1277.9
162         55    13    13      633.7     1281.3
163         66    15     9     1943.8     1294.9
164         51     9     7     1417.9     1301.0
165         58    12     6     4827.7     1342.6
166        406    32    39     3244.2     1386.9
167         75    11    17     1427.6     1376.1
168         52    12     6     4231.5     1370.4
169         51     9     9     3216.8     1414.5
170         62    17     6     4111.1     1442.7
171        125    17    14     3119.5     1460.5
172        202    30    19     4705.6     1470.6
173        151    22    12     4704.8     1492.1
174        551    30    53     1094.1     1546.9
175         98    12    14     1538.9     1543.5
176        707    80    52     4185.8     1559.7
177       2423   117   120     1602.0     1601.1
178         93    12    20      984.8     1570.6
179        232    34    33     5208.2     1577.4
180         55     8    13     4130.3     1576.8
181        140    14    20     4244.2     1586.7
182        179    33    15     3038.0     1600.9
183         54     7    14     1481.9     1605.8
184        137    26    13     4227.3     1607.3
185         58    14     7     4238.0     1620.6
186         52    10     8     4084.7     1637.9
187        210    23    23     5130.7     1651.5
188        147    11    22     3122.1     1668.4
189        330    28    29     1677.6     1682.4
190         50    11     9     3114.3     1687.0
191        331    61    27     5292.8     1700.7
192        145    22    21     5086.2     1697.9
193         55    13     7        7.7     1708.4
194        180    27    13     5232.8     1716.7
195        755    39    40     5166.6     1733.8
196         89    12    13     2873.1     1721.5
197        164    23    18     5210.2     1733.0
198        154    20    33     5075.9     1768.3
199        190    17    20     1684.5     1769.8
200        363    18    37     5189.7     1793.9
201         93    18    13     5192.3     1830.7
202         84     8    17     5338.2     1839.1
203         91    16    18     4279.1     1846.2
204        169    14    24     4244.5     1862.8
205        108    17    13     5444.7     1866.3
206        191    22    24     5166.7     1875.6
207         52     8     9     5417.8     1865.6
208        413    34    31     5390.9     1888.4
209        137    15    20     5051.4     1892.4
210         56    11     8     2347.4     1892.8
211         53    13     7     3896.1     1895.8
212        171    19    14     5072.6     1909.3
213        161    18    35     5141.8     1918.3
214         58     7    12     5398.7     1928.1
215         60     7    11     3812.9     1940.6
216         64     9    12     4215.8     1949.8
217         54    11     8     5120.8     1947.3
218         85    21    13     4171.3     1957.2
219        310    36    30     3852.1     2011.8
220        123    23    17     5068.9     2017.9
221         63    17     7     4101.6     2015.5
222         53    11     9     5158.4     2024.3
223         57    10     9     4617.4     2029.5
224         86    14    13     4603.6     2063.9
225         71    15    11     4313.6     2068.7
226        220    29    29     4238.0     2128.1
227        171    25    20     4912.1     2131.5
228        156    28    19     4877.2     2140.3
229         51     8    11     4577.4     2204.3
230         78    16     9     4559.2     2228.6
231        248    30    21     5025.9     2264.9
232         97    22    10     4974.7     2272.1
233         54    15     8     4945.3     2274.2
234         51    14    10     2686.9     2276.6
235        122    22    18     4603.3     2322.2
236         78    14    12     5034.5     2324.3
237         51     9     8      410.6     2328.4
238        112    22    17      390.2     2380.8
239        175    19    20      937.7     2439.7
240         99    13    19      912.0     2448.0
241        131    27    12      907.9     2568.3
242        293    20    42     3051.6     2628.6
243        229    17    27      271.5     2681.4
244        480    44    21     1577.1     2724.1
245        304    15    32      933.4     2736.4
246        190    27    29      639.2     2805.4
247        103     9    17     4883.6     2833.3
248         55    11    12     4907.2     2831.0
249        112    13    17     2970.3     2871.4
250        273    47    12     4313.5     2920.3
251         77    12    15     2980.1     2925.1
252         50     8    10     4271.3     2921.4
253        125    22    14      879.4     2942.0
254         75    12    14     2976.8     2960.9
255        130    12    18     2775.2     2979.6
256         60    10     8     4370.2     2980.5
257         53    14    10     1774.4     3002.4
258         59     9     9     3323.4     3015.6
259         64    19    10     3389.0     3024.4
260        214    14    32     3348.3     3040.1
261         90    18    10      245.3     3045.5
262        139    17    18     3075.9     3110.7
263         74    23     7     4778.7     3148.0
264         52    14     9     1294.5     3171.3
265         55    13     7     3126.8     3181.1
266         63     9    10     3113.8     3187.9
267         64    11    15     4659.5     3190.4
268        633    29    63     3429.7     3231.8
269        139    25    12     3063.4     3214.7
270         55     8    10     2455.8     3227.5
271        652    48    51     5125.1     3279.6
272         82    10    12     5079.8     3302.0
273        142    18    18     5149.3     3366.4
274         65    11    13      470.8     3376.8
275         55     8     9     4865.4     3378.1
276         53     6    15     5143.5     3393.9
277        588    42    44     3440.6     3435.5
278         54    13     8     3365.8     3454.6
279        185    24    30     3468.5     3470.7
280         87    13    16      849.8     3467.1
281        124    14    16     4681.9     3494.9
282        368    32    47     3447.7     3517.0
283         83    13    14      819.5     3510.0
284        262    33    23      278.9     3522.4
285         69    10    13      235.6     3552.5
286         86     6    18      635.9     3559.8
287        131     9    21      356.6     3576.7
288         69     7    15     3413.1     3572.7
289        442    39    31      207.3     3586.4
290         90    10    17     4712.6     3579.9
291         52    10    12     4753.0     3581.5
292         62    10    13     4734.5     3604.3
293         71     9    18     2981.2     3613.6
294        179    20    17      349.5     3621.4
295        186    25    15      348.8     3640.2
296         52    17     6     2472.3     3645.6
