Flake Detection Statistics
==========================

Technique: v070
V threshold: 0.7, S threshold: 0.2
Hue range: 20.0-70.0
Min area: 50px
Open radius: 2, Close radius: 4

Total flake area: 1537978 px
Total image area: 19961856 px
Coverage: 7.70%
Detected components: 196

Area stats: min=50, max=1429659, mean=7846.8, median=101.5

  #   Area(px)  Width Height    CenterX    CenterY
-------------------------------------------------------
  1         53      8      9     2182.2        3.5
  2      11472    305    190     1743.2      104.8
  3       7280    162    452     1631.8      289.2
  4         70     15     14     1954.5      135.8
  5        723     54     41     2184.4      164.8
  6         67     15     11     2232.8      178.1
  7        142     13     21     1645.3      230.6
  8         56     10     11     3331.9      325.5
  9       1833     80    184     1713.7      440.3
 10        208     14     24     2836.6      407.3
 11        123     23     20     2704.5      409.7
 12         97     13     23     2725.8      416.6
 13    1429659   2154   2148     2808.2     1547.3
 14        232     19     32     2711.2      501.9
 15        101     11     17     2719.6      559.9
 16       3509    116    176     1717.0      667.7
 17         57      7     12     2926.3      595.1
 18        111     17     18     3009.1      619.1
 19        287     26     28     2723.5      631.5
 20        525     43     73     1672.4      666.5
 21         82     16     11     3078.6      653.9
 22         85     15     14     3125.3      721.4
 23         86     14     12     1717.8      742.7
 24         70     18      7     1736.2      752.3
 25         73     12     11     1752.5      761.6
 26        148     26     17     1774.4      772.6
 27        358     33     20     3798.0      835.6
 28        108     20     11     2546.4      837.6
 29         86     12     14     4127.5      843.1
 30         70     14     14     1787.9      846.0
 31        104     22     10     2764.6      846.9
 32       1282     42     93     1811.0      885.4
 33        182     46      7     2845.4      856.1
 34         89     15     12     1783.9      862.5
 35         76     10     14     2883.6      866.7
 36        115     21      9     4045.1      867.4
 37         90     13     14     2922.1      871.6
 38        465     17     52     4087.7      892.9
 39        143     17     17     4013.3      880.4
 40        705     68     76     2940.2      925.2
 41         77     10     13     1788.7      901.1
 42         58      7     18     2701.9      906.7
 43        275     26     24     3889.9      928.3
 44        233     33     37     3996.6      940.5
 45        393     34     33     1808.9      971.4
 46        144     25     12     4039.1      957.7
 47        137     32     15     2837.0      962.9
 48        790     71     54      731.5      981.6
 49        100     11     20      684.2      976.8
 50        447     90     18     2758.9      981.9
 51         78     17     10     1826.7      997.1
 52         65      8     15      655.6     1010.2
 53         72     18     10     3316.4     1020.3
 54        205     31     17      712.0     1034.1
 55        137     21     12      750.7     1031.3
 56        145     18     18     1857.6     1035.7
 57         92     17     16      692.4     1051.1
 58        262     30     18     1878.5     1066.0
 59        102     19      8     1884.5     1085.6
 60        648     58     35     2246.9     1110.3
 61        129     26      9     2208.4     1102.7
 62         60     11      9     2343.0     1105.2
 63        121     16     13     1935.4     1113.6
 64         84     13     13     2126.0     1113.6
 65        360     49     19     2164.2     1117.4
 66        222     40     20     1959.9     1120.0
 67        118     27     11     2031.2     1114.8
 68        142     20     14     2086.2     1117.6
 69         50      9     14     2298.8     1121.4
 70         65     15     14     1977.2     1128.9
 71        160     27     16     2030.4     1131.7
 72         83      8     17     4666.6     1347.4
 73         91     10     18     4730.5     1360.9
 74         52      9     12     2101.9     1398.7
 75         66     10     15     2195.4     1461.1
 76        414     26     49     3481.4     1558.7
 77        123     14     16     2080.7     1574.7
 78        400     27     30     2076.4     1599.5
 79        134     15     23     3474.0     1600.5
 80        105     31     12     4784.6     1643.3
 81      39386    274    307     1369.4     1806.5
 82         92     18     15     1417.0     1656.9
 83        141     29     25     4821.5     1661.2
 84         80     17      9     2030.0     1656.8
 85         68     11      9     4752.5     1660.4
 86        426     44     54     2014.8     1684.0
 87        434     34     43     2167.2     1692.2
 88         90     12     17     4756.9     1681.0
 89        123     13     18     1986.4     1684.5
 90         78     13      9     2182.3     1682.8
 91         92     16     12     4843.4     1696.9
 92        214     24     24     2090.5     1706.8
 93        415     60     53     4931.5     1722.4
 94        146     29     12     1998.2     1735.7
 95         73     13     13     2032.9     1738.8
 96        312     31     49     4773.3     1762.7
 97         52     10     10     2112.6     1748.7
 98         84      9     14     1953.6     1752.9
 99         55     10      9     2082.3     1750.7
100        298     42     35     2081.6     1766.8
101         81      7     17     4961.2     1763.3
102         77     14     15     2055.9     1769.9
103        120     24     14     2031.8     1774.6
104         89     13     10     2117.2     1778.4
105         57      6     14     4970.7     1787.8
106        150     18     22     2006.2     1797.1
107        113      7     27     4757.4     1806.6
108        119     20     16     2037.3     1806.5
109         56      7     15     1787.3     1808.7
110       2063     70     56     4839.0     1838.6
111        128     20     20     2067.7     1825.4
112         67     14     12     3497.2     1823.0
113        192     19     29     1949.2     1839.7
114        214     35     20     2009.5     1835.9
115         56      8     15     4983.7     1835.1
116         61     12      7     1977.2     1840.4
117        182     18     30     4749.5     1850.9
118        210     33     31     2070.5     1868.4
119         79     21      8     2442.6     1856.7
120         57     14      7     1917.0     1867.9
121         89     10     24     1934.2     1881.0
122         62     13     10     2035.1     1872.2
123        106     10     25     2100.6     1894.1
124         63      7     13     4747.4     1888.6
125        219     21     25     1221.8     1909.5
126        110     20     14     2318.5     1902.0
127         76     19     11     1746.1     1904.8
128         71     20      7     2705.2     1905.2
129        108     10     19     1934.5     1919.5
130         69     14     12     1984.1     1921.2
131        119     14     17     2102.4     1926.0
132         63     18      9     2770.5     1932.8
133         89     18     12     1970.5     1942.1
134         66     12     16     2086.3     1943.7
135         97     14     13     2116.2     1945.7
136         58      8     11     1329.3     1954.8
137         76     11     14     2695.4     1956.9
138        132     17     20     1914.8     1966.0
139         67      8     11     1867.5     1965.5
140         50     17      6     2079.5     1975.7
141         61      8     17     1954.7     2004.0
142         57      8     10     3493.5     2024.5
143        330     44     21     1994.7     2032.2
144         51      9      9     1906.6     2033.4
145         51     10      8     3486.3     2043.7
146         93     11     17     2064.0     2061.7
147        197     20     16     3487.3     2061.8
148         69      7     15     1962.5     2065.8
149         56     12     14     1973.5     2085.7
150         57     11      8     3484.7     2083.4
151         74     12     14     1971.6     2167.3
152        127     14     22     3120.3     2189.4
153         55     11      8     1555.1     2186.4
154         92     17     12     3106.0     2210.1
155        773     41     57     2602.0     2244.8
156         96     19     13     1810.5     2243.4
157         76     19      8     1775.8     2248.4
158         95      8     20     3401.9     2275.0
159       5141    140    218     2508.0     2386.5
160         53     10      8     1508.5     2271.3
161         82     15     14     3359.2     2278.6
162        219     23     28     3382.8     2293.4
163        266     34     23     3333.5     2342.9
164         79     14     10     1356.3     2340.7
165         63     14      8     3246.3     2357.6
166         54      9      8     3294.4     2358.3
167        187     22     20     1351.4     2366.8
168        150     17     35     1327.4     2382.7
169        829     91     58     1351.8     2407.3
170        117     20     15     3294.4     2387.3
171        667     47     69     1307.1     2451.2
172         76     17      7     3756.4     2485.4
173        582     46     39     3713.2     2504.4
174         52     10      9     2561.0     2500.9
175        664     50     77     2584.0     2538.8
176         54     12     10     3737.7     2508.5
177         89     17      9     1379.0     2532.3
178        214     22     20     1391.0     2560.4
179         50     13     10     2573.9     2576.7
180       4000    211    140     2870.2     2640.4
181        131     19     20     2616.5     2591.6
182        100     17     12     1405.3     2590.4
183         69     11     15     2633.1     2620.9
184        236     19     31     2658.6     2660.0
185        136     23     12     2719.1     2721.0
186         68      8     12     2769.6     2730.3
187         55     10      8      990.7     2747.8
188         94     14     13      991.5     2766.1
189       1238     57     57     1574.8     2838.0
190         60     15      8     1614.8     2827.4
191       1231     66     53     1635.9     2867.7
192         65      7     12     1637.3     2907.1
193        366     28     27     1672.4     2919.1
194         50     10     13     1728.4     3013.6
195        612     29     38     5458.2     3296.2
196        288     31     26     1396.9     3389.3
