Flake Detection Statistics
==========================

Technique: v070
V threshold: 0.7, S threshold: 0.2
Hue range: 20.0-70.0
Min area: 50px
Open radius: 2, Close radius: 4

Total flake area: 154218 px
Total image area: 19961856 px
Coverage: 0.77%
Detected components: 117

Area stats: min=52, max=121555, mean=1318.1, median=116.0

  #   Area(px)  Width Height    CenterX    CenterY
-------------------------------------------------------
  1         68     16      8     2939.0     1539.2
  2        161     27     21     2907.2     1559.1
  3         58      6     11     2958.5     1564.0
  4        156     20     16     2855.7     1578.3
  5        147     14     18     2821.5     1583.9
  6        120     16     21     3023.7     1583.8
  7        795     40     39     2967.0     1595.3
  8     121555    788    437     2646.4     1814.8
  9         63     11     10     2783.1     1605.3
 10        220     32     26     2742.5     1619.5
 11        625     48     27     2838.0     1624.4
 12        148     19     14     2958.4     1623.7
 13         54      9     10     2987.6     1625.8
 14         63     10     10     2617.6     1674.4
 15        366     57     35     2570.2     1693.8
 16         95     20     17     3020.2     1702.2
 17         59     10     11     3606.8     1705.7
 18        148     16     24     3685.1     1710.6
 19        310     34     27     2517.1     1719.9
 20        136     22     13     3545.3     1716.8
 21        101     17     14     2967.5     1718.9
 22        102     24     11     3506.1     1728.1
 23         89     16      9     3480.1     1734.7
 24        547     47     28     2445.8     1758.9
 25         81      9     15     2483.3     1752.5
 26         75     11     13     3440.7     1751.7
 27         57      9     10     3418.8     1756.5
 28        190     30     27     3533.6     1764.1
 29         79      9     13     3569.9     1769.9
 30         86     27      8     3367.7     1770.1
 31        115     11     19     2995.6     1781.7
 32        459     30     42     3472.3     1796.4
 33         53      7     16     3611.0     1778.8
 34        140     38     17     3337.3     1782.4
 35        568     56     43     2362.2     1804.8
 36         76      8     17     3007.1     1796.1
 37         71      8     14     3262.1     1795.1
 38         54     10     14     3437.6     1795.2
 39        224     19     26     3591.4     1801.6
 40        101     16     11     3502.9     1796.3
 41         52      8     15     3237.6     1802.5
 42        245     28     29     3556.2     1815.9
 43        327     25     30     3168.9     1820.8
 44        497     49     45     3388.1     1830.9
 45         74     16     11     3321.5     1819.0
 46        142     14     24     2327.9     1830.9
 47        111     23     19     3587.7     1828.3
 48        104     20     15     3342.8     1830.4
 49        104     27      8     3447.5     1827.0
 50        325     22     31     3658.1     1838.6
 51         97     21     16     3299.3     1833.5
 52         91     10     14     3422.7     1835.3
 53        111     18     13     3611.7     1836.2
 54         71     11     14     3103.0     1839.2
 55        138     20     13     3137.5     1838.5
 56        116     16     15     3073.1     1850.2
 57        357     29     24     2239.1     1854.9
 58         72     17      7     2997.7     1847.1
 59       1790    146     42     3524.1     1870.3
 60        439     27     48     2167.5     1879.0
 61         92     11     15     2195.3     1862.0
 62        309     37     24     3417.4     1867.5
 63         99     21     11     3665.4     1866.1
 64        809     82     35     3271.3     1882.5
 65        672     85     23     3175.8     1880.3
 66        300     26     28     3360.3     1883.7
 67        233     29     28     3784.0     1881.7
 68         90     16      9     3850.6     1872.4
 69         59      8     11     3328.9     1874.5
 70       7524    170    159     2151.0     1947.1
 71        494     47     30     3613.6     1886.5
 72        777     70     46     2113.3     1895.9
 73         84     11     18     3686.9     1884.9
 74        118     25     10     3812.5     1881.4
 75        160     18     19     2851.6     1891.6
 76        336     35     26     2883.5     1896.8
 77         64     15      9     3137.1     1887.6
 78        114     15     14     3751.1     1891.1
 79        210     27     20     2999.4     1899.6
 80         76     22      9     3097.3     1892.9
 81        104     15     18     2911.6     1907.3
 82        116     15     15     3633.7     1906.2
 83        117     17     14     3674.3     1905.9
 84         67     14     13     3066.9     1909.8
 85         55      9     13     2062.2     1910.6
 86        108     16     12     2838.4     1911.2
 87       1556    100    100     3758.3     1961.2
 88        107     10     23     2936.9     1920.5
 89        219     21     28     2046.3     1927.2
 90         59      8     13     3914.1     1918.6
 91         52     10     15     2888.5     1922.0
 92        149     19     23     3703.4     1930.4
 93         53     13     11     3787.0     1924.0
 94        187     36     12     2000.3     1935.5
 95        295     26     28     2506.8     1947.4
 96         54     12     10     2744.3     1939.3
 97         95     17     14     3816.5     1942.5
 98        160     25     16     1957.6     1953.5
 99         56     13     11     2487.8     1957.8
100         53     18      6     3849.7     1954.7
101        211     28     24     3896.8     1966.8
102        206     30     15     1929.4     1968.4
103        108     19     12     1990.9     1969.6
104        384     26     33     2353.9     1982.1
105         52      9      8     3740.2     1971.0
106        287     23     41     1957.7     1995.7
107        243     24     18     1983.5     1986.7
108        216     45     26     2312.1     1994.1
109        176     23     16     1885.4     1996.6
110        187     25     16     2186.1     2006.8
111         58     12      8     2211.7     2005.6
112        125     21     11     3814.9     2013.2
113       1207    131     43     1990.5     2030.7
114        423     36     44     1869.7     2031.4
115         68     20      7     3847.5     2015.2
116         53     10      8     3847.8     2028.1
117         54      8     10     1929.6     2052.5
