Flake Detection Statistics
==========================

Technique: v055
V threshold: 0.55, S threshold: 0.15
Hue range: 15.0-80.0
Min area: 50px
Open radius: 2, Close radius: 4

Total flake area: 277879 px
Total image area: 19961856 px
Coverage: 1.39%
Detected components: 18

Area stats: min=50, max=276635, mean=15437.7, median=59.0

  #   Area(px)  Width Height    CenterX    CenterY
-------------------------------------------------------
  1         73     14     17     2198.2      869.0
  2         52      8     10     2195.3      934.4
  3         82     12     16     2194.2      961.0
  4     276635    558   1218     2575.2     1691.4
  5         56     10      9     2206.8     1284.3
  6        135      7     31     2233.4     1305.0
  7         70      7     15     2631.8     1329.9
  8        210     16     28     2221.6     1360.4
  9         52     11     10     2625.0     2132.6
 10         56     15      7     2883.3     2145.8
 11         62      7     16     2856.1     2174.2
 12         56     13     12     4231.4     2434.6
 13         55      9      9     1005.2     2605.1
 14         52      8     15     4181.4     2793.5
 15         50     13     11     4765.1     2897.7
 16         68     22     11     4163.2     3077.8
 17         64     15     10     5029.3     3211.2
 18         51      9      7     2122.9     3644.2
