Flake Detection Statistics
==========================

Technique: v055
V threshold: 0.55, S threshold: 0.15
Hue range: 15.0-80.0
Min area: 50px
Open radius: 2, Close radius: 4

Total flake area: 1452288 px
Total image area: 19961856 px
Coverage: 7.28%
Detected components: 100

Area stats: min=50, max=719359, mean=14522.9, median=94.5

  #   Area(px)  Width Height    CenterX    CenterY
-------------------------------------------------------
  1        122     25      9     2724.2      163.2
  2        184     30     23     2677.4      183.2
  3       1988     68     64     2716.8      212.1
  4       1286     43     82     2659.5      246.3
  5        861     85     80     2731.0      256.0
  6       5069    143    160     3277.9      513.6
  7        284     39     22     3317.3      437.6
  8       2635     74     88     3291.2      496.7
  9     284222   3775   1397     2857.6     1330.0
 10       1913    168     64     3594.1      919.9
 11        198     34     17     3607.0      970.5
 12         99     17     10     3646.7      983.8
 13         63      9     11     4322.9      985.9
 14         76     15     11     3671.1      992.4
 15      25463   1210    473     4294.5     1186.4
 16        110     23     10     3942.7      994.8
 17         56     16      5     3749.0      994.0
 18         54      7     13     3915.4     1017.3
 19        189     25     17     1184.8     1463.2
 20         81     12     10     4980.4     1464.3
 21         62     16     10      912.1     1803.9
 22         59     13     12      934.7     1809.1
 23     719359   1689    858     2919.5     2239.5
 24       3182    115     67     3045.7     1903.5
 25         56      9      9     3240.5     1888.4
 26        548     33     44     3120.3     1905.9
 27        233     37     17     3792.9     1897.3
 28         83      9     16     3153.4     1900.1
 29         51     12     13     2821.5     1908.6
 30         50     13      7     4220.0     1998.2
 31         85     16     11     2182.7     2039.1
 32         67     13     14     2235.3     2047.9
 33         91     11     17     2128.6     2051.5
 34        109     15     14     2258.9     2053.3
 35         50     11     10     2271.0     2082.5
 36        103     19     11     2299.1     2094.1
 37         89     16     10     2049.0     2096.3
 38         75     17      9     2072.0     2103.1
 39       7244    142    105     2217.0     2175.1
 40         51     11      8     2024.5     2131.8
 41         50      7     10     2058.5     2133.6
 42        263     36     23     1991.5     2160.9
 43         60     13     11     2178.9     2216.5
 44         72     15     19     3542.7     2227.9
 45     371976   1778   1258      986.8     2958.6
 46         55     17      8     1742.2     2394.7
 47      16953    270    227     1785.9     2520.1
 48         98     15     12     1903.7     2541.6
 49         57     12      7     1940.9     2540.2
 50        336     28     25      441.6     2585.1
 51         75     16     12      710.4     2608.1
 52         64     12     13      888.7     2616.9
 53         83     21      7      750.4     2617.3
 54         70     12     14     2799.1     2621.8
 55        110     15     12     2208.7     2638.7
 56         72     10     16      903.3     2645.2
 57         50     11      8     2727.6     2651.4
 58        105     12     18      929.8     2667.2
 59         68     17      9      903.1     2664.8
 60        106     18     20     2370.3     2674.7
 61        106     11     21      903.4     2686.5
 62         77      8     17      989.6     2682.2
 63        279     26     29     1004.4     2708.9
 64         70     15     11      158.9     2747.7
 65         74     19      7     1837.9     2795.6
 66         99     22     14     1794.3     2808.6
 67         57     10     10     1066.9     2818.2
 68         99     20     19     1088.9     2827.7
 69        477     33     39     1783.2     2837.8
 70        390     31     34     1797.4     2884.0
 71        120     12     22     1483.1     2905.7
 72        110     17     20     1100.4     2916.9
 73        150     28     15     1125.0     2926.3
 74         62      9     13     1403.3     2931.6
 75         58      7     12     1159.0     2952.6
 76        175     24     17     1726.0     2961.0
 77         64     13      9     1333.5     2971.0
 78        126     22     12     1308.3     2983.1
 79        208     30     25     1716.1     2986.0
 80         52      8      9     1346.6     2982.0
 81        120     16     12     1260.3     2989.1
 82        122     20     12     1201.4     2995.8
 83         86     15     19     1277.6     3008.7
 84         51      7     16     1699.1     3009.0
 85         85     12     17     1673.4     3015.2
 86        135     30     23     1264.5     3030.7
 87         60     11     11     1650.7     3028.4
 88         53     11     12     1060.5     3157.5
 89        101     16     17     1493.4     3200.7
 90         51      8     10     1176.5     3199.7
 91         72     22     11     1456.1     3229.8
 92         65      9     12      990.5     3249.6
 93        247     37     23     1424.9     3265.0
 94         64     12     14     1351.7     3313.1
 95         82     14     11     1344.8     3384.8
 96        183     23     16     1287.0     3465.1
 97         90     13     18     1224.1     3511.6
 98        196     25     20     1161.2     3568.8
 99        192     18     25     1123.2     3586.6
100         57     12     10     1097.5     3621.7
