Flake Detection Statistics
==========================

Technique: v055
V>=0.55, S>=0.15, H=15.0-80.0
Min area: 50px, open=2, close=4

Total flake area: 339653 px
Image area: 4990464 px
Coverage: 6.81%
Detected: 728 flakes

Areas: min=50, max=142273, mean=466.6, median=85.0

  #       Area     W     H    CenterX    CenterY
--------------------------------------------------
  1        478    30    32      811.8       16.7
  2        298    35    28      854.0       16.2
  3        279    35    29      943.0       10.8
  4        122    24    12      977.7        5.7
  5        223    25    20     1023.8        9.1
  6      86030  1030   332     1088.1      172.2
  7        948   100    48     1218.4       21.6
  8         66    11    10     1290.6        6.7
  9         58    12     7     1621.0        9.2
 10        167    24    13     1100.3       17.7
 11        242    38    21     1331.5       24.9
 12         84    17     9      785.8       22.8
 13        156    15    17      918.4       30.4
 14         59    13     8      963.8       26.5
 15        268    35    30     1453.9       34.7
 16         79    19     9     1646.4       27.0
 17         98    16    16      693.2       38.8
 18         81    14     8     1288.1       36.3
 19         71    11    17      708.1       43.7
 20         51     8     9     1400.0       38.5
 21         74    10    12      902.1       43.0
 22        107    26    12     1644.4       41.5
 23        604    48    32     1292.3       54.6
 24         65    12    14      957.6       47.2
 25        303    31    24      881.8       52.8
 26        226    20    20      762.3       55.1
 27        224    16    26     1189.4       60.3
 28        135    24    15     1483.9       53.7
 29        301    38    21     1353.1       56.6
 30         83    26     9     1659.0       60.4
 31         67    15    12      549.3       63.4
 32        104    19    12      933.9       65.0
 33         65    11    14      678.9       71.2
 34        254    26    19      723.2       73.4
 35         71    12     8      905.2       68.1
 36        132    19    15      654.2       73.1
 37        386    38    20     1483.8       75.4
 38         73    10    11      614.4       75.4
 39         73    16     8      817.5       76.8
 40        871    43    48      876.5       99.0
 41        320    26    24     1232.4       84.3
 42        747    42    47     1543.7       97.6
 43        287    44    22      569.8       91.0
 44        317    41    22      705.3       94.1
 45       1082    74    72      753.2      117.0
 46         86    15    13      937.7       87.7
 47        118    24    15      222.5       98.5
 48        657    65    29      652.1      106.8
 49         69    16    11      286.0      104.6
 50         68     6    13      836.5      103.8
 51        155    16    25      176.7      112.1
 52       7086   181   143      473.0      173.5
 53        920    53    54     1576.8      133.7
 54         84     9    15     1643.0      111.7
 55        317    39    23      400.8      124.1
 56         59    12     8      485.4      118.6
 57       1397    71    55      238.7      148.4
 58        127    12    28      148.5      131.9
 59        312    21    36      286.9      134.3
 60        109     9    25     1685.7      138.8
 61         71    15     9      180.1      146.7
 62        172    28    15      322.8      149.2
 63        138    19    16      679.8      154.9
 64         51     8     9      903.5      151.3
 65        118    15    18       86.7      157.3
 66         65     7    14     1652.1      159.8
 67       1509    64    65     1601.7      183.1
 68        669    64    34     1699.1      175.7
 69        155    19    21      115.7      172.0
 70        404    32    24      303.0      173.6
 71         89    11    14      570.8      170.5
 72        277    19    38      557.6      188.0
 73         70    14    10     1750.9      171.0
 74         73     6    14      162.6      174.5
 75        265    16    31      247.8      187.7
 76         74    11    12      341.5      180.7
 77        108    15    19      328.4      184.7
 78         59     9    14      266.3      186.0
 79         50     6    10      794.6      183.3
 80        723    42    61     1564.7      215.0
 81        853    46    58      373.2      212.5
 82         56     7    16     1649.9      193.6
 83        117    17    18     1770.8      194.5
 84        877    59    40      305.1      210.5
 85        246    40    20     1723.9      204.0
 86        405    38    30      191.2      214.5
 87        144    12    26      937.7      215.8
 88         52    11     8        4.1      208.0
 89         74     9    12      659.6      213.0
 90        476    21    38      957.6      227.2
 91         57    15     8      103.2      213.6
 92         55     7    10      826.3      215.6
 93         90    10    15     1674.0      219.3
 94        112    12    18       83.3      222.8
 95         85    13     9      249.7      221.3
 96        151    12    22     1693.5      227.0
 97        159    13    22     1751.1      229.1
 98        222    19    22      810.4      227.7
 99        528    54    34     1349.5      233.0
100        268    34    20     1223.4      228.2
101         86     6    16     1716.5      230.3
102         71    10    12      106.9      230.1
103        400    46    27      151.5      235.8
104       1080    48    64      282.1      256.1
105        350    32    32     1308.4      240.9
106         79    11    13     1638.9      230.5
107        107    14    13     1833.2      230.7
108        411    25    50      433.7      251.0
109         82    12    12      233.8      233.5
110        131    20    14     1408.4      239.2
111        132    15    16     1605.7      240.3
112        563    36    34      346.5      251.2
113         75    20     8       48.1      242.7
114        127    22    17      402.0      247.9
115        322    30    21      205.5      250.2
116        139    18    15     1725.8      248.0
117       1498    63    60      492.5      272.1
118        271    24    22     1527.2      255.7
119        104    11    19     1556.1      255.9
120        183    26    23      112.2      257.7
121        226    20    17      771.7      256.8
122        150    18    14     1586.8      253.4
123         76    14    14     1648.9      255.4
124         65    10    10      617.9      255.3
125        105    16    14     1389.8      257.5
126        238    26    24      707.5      264.3
127        124    11    15     1252.9      259.3
128         55    12    13     1023.1      261.4
129        133    10    24     1411.8      267.7
130        352    33    38     1745.7      273.9
131        151    20    14     1796.6      267.0
132         59    12    11      133.7      264.8
133        562    47    38     1338.1      276.8
134        470    25    51     1597.6      283.5
135         76    12     9     1082.4      265.2
136        617    43    38     1700.1      282.4
137        452    26    51        8.8      291.7
138        144    23    11       82.4      270.3
139        529    52    21      171.0      273.4
140         95    12    14      372.7      271.7
141         86    11    17      740.2      272.4
142        470    47    28     1494.3      276.9
143         52     6    12     1904.3      270.7
144        204    24    19       42.9      277.9
145        468    34    35     1371.1      286.2
146        412    42    23     1554.4      278.5
147        176    17    15      326.5      278.9
148         75     8    17      589.2      280.4
149         61    14     8     1076.6      278.6
150         55     9     8      647.4      279.4
151        376    43    25      680.2      291.1
152         88    19    13     1019.3      282.1
153         75     9    12     1652.9      282.5
154        234    34    19      246.0      288.7
155        134    15    14      391.7      285.2
156        106    19     9      611.7      285.4
157        451    43    28      357.3      298.4
158         79    16    11      632.8      288.2
159        144    29    10      719.8      287.2
160        205    26    16      872.0      289.0
161        434    52    44     1023.2      302.8
162        399    46    30     1081.0      299.4
163        185    31    20     1833.6      294.7
164        345    30    26      435.0      295.7
165         56    10     8     1044.2      287.1
166       1289    66    70      257.9      328.6
167        551    27    48      305.9      314.3
168        247    18    24     1434.0      301.3
169        174    18    18     1635.2      301.9
170        356    30    22      759.8      306.1
171        166    13    21      933.3      305.0
172        167    24    17     1136.4      302.7
173        138    17    25      162.3      307.4
174        177    30    18       97.1      306.8
175        143    26    26     1416.5      312.0
176        119    23    13      812.4      307.0
177        115    14    14       38.1      309.1
178         68    12     8      591.2      305.9
179         82    20     8     1562.6      305.5
180         88    12    16      681.3      310.6
181         78    16     6      863.4      306.4
182        157    14    20      708.0      316.3
183        480    40    31     1391.1      324.0
184        120    13    19     1785.2      318.4
185        179    22    16      889.2      315.5
186        152    16    19     1500.8      318.9
187        564    34    46     1573.8      338.0
188        127    22     9     1745.5      313.3
189        168    22    19     1850.3      317.7
190       1054    61    58      555.9      344.6
191         80    10    12      636.1      317.4
192         56     9     9     1159.7      315.6
193        141    18    22      373.2      323.8
194        126    20    13      841.0      318.9
195        128    15    16      478.6      323.6
196         63    12     9      617.0      319.7
197         56     8     8     1303.5      319.5
198        501    44    57      730.9      348.8
199        170    14    17      979.3      328.0
200        142    18    23      175.2      332.8
201        187    20    16     1073.8      325.8
202        156    14    26     1118.3      334.8
203        418    36    33     1450.4      334.4
204         71    11     8      427.3      325.2
205        182    26    17     1537.5      330.8
206        291    31    16      790.9      330.9
207         50     8     9     1153.6      328.9
208        132    11    21      519.7      336.6
209        509    44    27     1009.5      341.7
210        100    11    20     1229.4      336.1
211        435    45    26     1277.1      339.1
212        197    28    22      348.8      341.5
213        125    17    21      423.6      341.3
214        765    33    59      767.7      359.5
215         96    15    18      888.5      338.6
216        195    16    30      495.1      349.9
217        143    19    18      633.1      341.8
218        228    27    30      948.8      346.3
219         93    17    12     1201.9      339.9
220         97    11    12      443.7      341.6
221         68     6    13      650.5      341.8
222         91     8    13     1719.6      343.2
223         82    13     9      201.2      342.8
224        317    34    24      853.1      349.6
225        224    27    33      898.1      358.4
226        130    16    12     1351.5      344.4
227         81    11    15      148.7      350.2
228        186    25    16       62.6      350.4
229         52    10     7      298.0      348.4
230        229    30    40     1385.6      360.2
231        166    11    28     1511.4      358.3
232         74     7    15     1602.6      350.6
233         97    18    10     1212.4      353.1
234         71    10    10      820.3      357.3
235         72    12     8      623.5      359.5
236        123    10    21      940.5      367.8
237         76     8    18     1047.4      365.7
238        130    14    21     1338.1      366.9
239         52    10     7     1269.0      360.6
240        105    22    17      287.3      370.8
241        178    11    27      678.8      376.9
242        116    11    19      598.4      373.0
243         62     6    12      810.5      372.7
244        219    26    24     1095.4      377.9
245        114    20    14      847.8      375.2
246         78    10    12     1278.3      374.7
247        375    23    40     1476.1      388.1
248         93    11    12      154.9      375.6
249         77    12    15      250.1      375.9
250        191    26    19      529.2      379.3
251        191    20    15     1219.1      377.3
252         63     8    12      746.1      378.0
253        104    12    11      911.4      376.8
254        122    21    14     1066.9      379.9
255        296    25    20     1375.3      383.0
256        148    14    24      412.4      386.4
257         81    13    10      506.6      379.0
258        106    12    24     1683.4      387.1
259         60    10     8      362.7      381.3
260         86    12    12      435.1      382.7
261         76     6    16      862.5      386.5
262         81    16     9      464.2      385.2
263         67    13    11     1249.6      387.8
264         65    10     9       21.0      387.9
265         72    11    12     1046.3      389.4
266        107    10    16     1590.9      391.4
267         55    12     6      279.7      388.6
268         55    11    10      714.7      394.6
269        173    26    26      834.2      401.5
270         52    10     7     1428.0      392.6
271         52    12     6      222.8      397.8
272         55     7    16      363.9      403.3
273         56    10     8      652.5      397.5
274         64    10    16     1298.0      400.3
275         76    10    11     1162.6      400.5
276         75    17    13      871.1      404.3
277         65    14    11      148.5      405.4
278         94    12    13      232.3      415.4
279        176    24    34      973.8      424.3
280         68    13     6     1209.1      410.4
281         95     9    15      637.0      421.2
282        159    34     8     1339.4      417.6
283         80    12    10     1076.6      421.7
284         84    17     9       90.8      422.2
285         77    11    14      212.6      425.2
286         52    16     5     1431.5      421.0
287     142273   748  1116     1437.0     1163.8
288         86     9    17       67.1      431.0
289         52     6    10      326.5      426.5
290        123    18    15      747.9      428.1
291        100    20     9     1250.5      427.5
292         93    18     9     1379.7      430.5
293        235    36    19     1473.2      435.4
294        165    12    25      521.4      442.5
295        443    44    23      463.3      444.3
296         58     8     9      587.7      437.3
297         87    10    16      823.0      440.7
298        110    12    13     1300.4      441.9
299        143    22    18     1024.9      443.9
300         54    10     9      196.7      441.9
301         96    23     8       27.3      445.1
302        148    24    14      130.3      449.4
303        135    10    21      601.4      451.1
304        130    18     9     1054.4      452.0
305         60    17     6     1100.3      450.4
306         58    10    10      538.9      455.5
307        127    18    13     1006.4      457.9
308         61    13     7      329.7      455.1
309         94    16    16      960.3      459.6
310        111    14    11     1147.1      458.9
311         88    26    10     1191.6      458.5
312         65    13    15      903.7      463.6
313         90    15    14      360.7      464.6
314         58    11     7     1390.2      461.0
315        105    19    16      309.9      467.5
316         71     7    14     1164.3      476.7
317         58    12    15     1430.2      479.8
318        130    20    13      207.9      479.5
319         87    18    12      896.9      480.3
320         85    16     8     1556.9      477.6
321        103    12    12     1091.5      483.8
322        132    29    16     1040.9      487.5
323         96    20    13      287.6      489.1
324         54     8     9      803.3      487.9
325         58    15     9      188.0      492.0
326        457    72    50     1494.2      513.6
327         55    11     9      975.6      495.6
328         55    12     7     1029.9      497.9
329        267    36    31      468.2      516.0
330         52     5    14     1387.0      505.4
331         70    10    12      890.6      506.8
332        111    20    10      583.6      510.7
333         56    15     6      654.7      508.7
334         91     8    18      951.9      516.7
335        125    20    17     1054.9      513.0
336         80    10    12     1030.7      515.5
337         58     8     9      631.8      517.9
338         67    16    10      317.4      532.1
339         85    14    10      393.3      537.8
340         60    14     7      897.2      538.0
341         70     9    10      923.7      538.4
342         57    12     8      565.2      539.4
343         80    10    14      720.6      543.5
344         57    16     6      535.9      541.2
345         58    20     6      608.6      546.6
346         56     4    15        1.4      555.0
347         50     7    13     1195.7      557.6
348         52     8     8     1227.7      555.7
349        103    17     9     1912.8      556.2
350         54    10     8      264.7      566.4
351         58     8     9      917.8      566.7
352        104    12    20     1036.7      572.5
353         52     8     8     1059.3      565.3
354         66    12     8      429.2      567.7
355         97    15    14      590.3      575.7
356         99    13    16      800.3      582.8
357         98    16    16      283.7      588.3
358         69    10    10     1400.9      585.8
359         50     7    10     1016.3      587.4
360         92    10    11     1212.7      586.5
361         65    14     7      546.3      589.6
362         94    14    16     1005.1      595.5
363         65    10    10      618.5      597.6
364        147    19    19     1364.7      620.2
365         53    10     9      428.2      617.9
366         56    14    10      958.5      623.5
367         82    13    14      360.7      638.0
368        105    10    14     1077.2      653.3
369         53     9     9      399.5      655.9
370         70    10    13     1136.9      664.4
371         50    10    10     1306.2      672.3
372         52    10     7      716.7      680.0
373         54    12    10     1935.8      682.3
374        101    16    19      673.5      693.6
375         52     9    13     1270.1      701.6
376         62     8    10     1831.9      703.9
377         62     6    12      698.5      710.3
378         66    19     8      882.2      709.6
379         82     8    14     1247.5      723.8
380         53    11    12     2094.7      724.9
381         84    10    11      644.6      725.7
382        223    23    28      646.0      749.8
383         56     9     9      351.4      751.3
384         79    10    14      834.4      780.4
385        131    10    21      632.8      787.2
386         62     8    11      871.7      805.2
387       1389    49    67     1093.1      837.3
388         50    10     7      442.5      827.0
389         88    16    13      636.0      838.2
390         63    10    10      996.4      836.4
391         64    15    12      538.3      898.1
392        103    14    23     1046.1      905.0
393        110     7    19     1038.6      932.0
394        132    10    22     1046.0      960.7
395        135    16    26     1063.6      988.3
396         55    12     6     1063.5     1012.8
397        350    24    25     1083.8     1042.0
398        984    50    48     1478.7     1049.2
399         82     8    19     1071.8     1065.4
400         80    14    12      628.1     1100.3
401         69     8    12     1628.9     1153.8
402        393    29    27     1518.4     1161.6
403         62    14     6      882.7     1172.4
404        100    18     6     1976.5     1174.5
405         76    12    12     2025.0     1177.4
406         51     8     9     1807.0     1184.1
407         62    11     9     1833.7     1205.4
408         57     9     9     1963.6     1207.1
409         54     8     9     2405.9     1207.9
410         53    10     8      690.6     1219.3
411         56    10     9     1892.6     1221.1
412         75    16    10     2061.1     1220.6
413         89    10    15     1920.4     1228.9
414         92    11    10     1812.8     1232.2
415         65    17     7     2145.5     1232.2
416        134    17    15     2045.2     1241.3
417         73    10    10     2004.4     1242.5
418        142    10    22     1978.4     1252.3
419         74     8    14     2202.9     1254.3
420         88     6    16     1914.5     1255.5
421         55     9     9     1818.7     1257.6
422        224    24    22     1941.1     1264.6
423        129     8    31      637.5     1273.5
424         54    18     9     2066.2     1263.2
425         50     9    10      659.2     1278.3
426         50    13    10     1903.1     1279.7
427        111    12    17     1925.3     1281.0
428         50    10     7     1988.4     1276.9
429        146    16    21     2041.0     1284.3
430        168    18    18     1426.0     1285.9
431         58    10     8     2006.5     1279.5
432         59    10     9     2308.4     1287.0
433        102    20    20      614.4     1295.5
434         56     8     8     1879.5     1287.5
435         58    12     7     1711.6     1289.1
436         56     8    11     1969.6     1293.8
437         57    17     7     1074.8     1293.2
438        110    14    16     1996.9     1301.0
439         61    15    12      445.5     1300.4
440        265    28    21     2018.5     1314.2
441         52     8     9      564.0     1311.4
442         79     8    15     1718.1     1314.7
443         50    10     7     1864.4     1309.2
444         55    11     8     1968.1     1312.8
445         75    11    11     1804.8     1316.3
446        139    17    17     1445.6     1319.6
447         97    10    15     2391.6     1320.6
448        179    19    16     1415.8     1325.2
449        189    15    26     1954.6     1329.0
450         69    10    15     2372.4     1327.2
451         59     7    15      620.9     1330.4
452         77    12    10     1997.5     1326.1
453         58     8    10     2535.2     1327.6
454        161    29    14      525.2     1334.1
455         59     8    11     1159.2     1332.2
456         87     7    16      692.9     1335.7
457         83    22    12     1089.6     1334.0
458        161    18    26     2070.4     1339.4
459         52     7    10      458.7     1338.6
460         55    17     5     2110.0     1338.0
461         86    23     9      397.8     1349.5
462         61     9    10     1786.6     1347.9
463         88    19    13      483.0     1352.2
464         60    11    14     1941.0     1356.0
465         60    12     6     1961.8     1350.6
466         63     9    10     2120.8     1356.0
467         65    16     6     2184.1     1354.2
468        101    14    13     2012.0     1361.8
469         97    18    10     2312.2     1359.0
470        238    46    17     2400.9     1365.4
471        242    28    30      487.5     1378.1
472         66    15    10     1702.6     1367.6
473         56    10     8     2068.4     1370.7
474        278    41    23     1863.9     1379.8
475         81    10    17     1690.2     1384.8
476         80    11     8     1769.0     1379.5
477         86    10    13     2116.4     1382.0
478         80    12    10     2457.3     1383.5
479        130    15    22     2289.9     1393.2
480         61    12     8      581.4     1387.6
481         66    14     8     1134.3     1390.3
482         50     8     9     1615.2     1390.7
483         59    12    10     1944.3     1394.3
484        241    32    20     2120.0     1402.1
485        232    24    30     1901.8     1406.7
486        324    42    24     1974.7     1407.9
487         54    10     8     1666.7     1402.3
488         87    12    14     2335.9     1407.8
489         69    13    11      580.5     1408.0
490         94    18    11     2029.9     1407.7
491        172    20    14     1799.4     1408.8
492         72    13     9     2359.8     1407.8
493         87    14    10     1685.7     1413.3
494         52    10     6     1770.5     1410.5
495         63     8    10     1935.7     1412.3
496         60    12     6     2149.2     1410.4
497         58    16     7      337.5     1415.0
498         97    13    12      565.8     1417.0
499         97    16    11     1198.3     1418.7
500         97    16    10     1823.5     1416.6
501         88    15    13     1868.9     1417.6
502        207    28    18     2229.5     1429.9
503         50     8     8     1639.6     1426.9
504         95    18    10     1998.0     1426.6
505         54    15    10      448.4     1428.6
506         77    12    10     2105.7     1428.2
507         69    16     9     2349.8     1430.0
508         58     6    11     2042.5     1434.0
509         81    17    12     2569.6     1433.4
510         80    12    11     1666.4     1434.5
511        297    32    29     1958.6     1448.7
512         56     9     8     1112.6     1439.5
513         65    10     9     2072.2     1441.2
514         50     8     8     1767.6     1442.9
515         58     8     9      795.7     1445.7
516         78     8    13      591.3     1450.1
517         85     8    17     1898.0     1459.4
518         82    20    10     2081.8     1456.6
519        151    23    21     2003.2     1464.8
520         60    16     5     2137.3     1457.0
521         50    12     6     2661.2     1456.4
522         77    12    11      517.1     1460.7
523         57     8     9     2115.1     1462.9
524         56    12     6     2373.5     1460.8
525         83    12    11      912.1     1466.3
526        131    20    12     2040.6     1465.6
527         60    12     6      405.2     1466.4
528         50    11     6     2249.0     1466.5
529        141    22    17     1663.2     1477.4
530         54    10     8     1770.7     1470.3
531         57     8     9     1975.3     1474.9
532         68    12     8     2336.1     1474.4
533         58    18     5     1699.1     1474.0
534         60     9     9     2023.6     1475.6
535         91    12    10     2356.0     1477.7
536         53    10    10     1038.6     1479.5
537        163    26    19     1951.2     1485.1
538         61    16     6     2189.0     1478.3
539        180    26    14      520.5     1484.6
540         55    10     9     2611.0     1482.9
541         60    12     7     2297.4     1484.6
542         64    16     9      817.3     1487.0
543        125    13    20     1641.0     1492.4
544         81     9    11      602.0     1492.9
545        115    19    15      923.4     1497.8
546        102    16    21     1862.0     1500.4
547        110    20     7     2023.4     1494.7
548         84    16    11     2083.2     1497.5
549         92    12    11     2105.2     1497.1
550        104    12    20     2166.5     1501.9
551        113    16    17     2404.0     1500.7
552        196    26    26     1962.5     1506.9
553        137    16    17     2058.5     1502.3
554         94    14    14      749.8     1502.9
555         86    18    12     2624.7     1502.5
556         55    10     7     1722.7     1500.7
557         75    13    10     2211.4     1503.8
558         50    10     7      776.4     1505.8
559         96    14    17     1788.7     1512.9
560         66    11     9     2258.4     1507.0
561         74    10    10     2513.0     1508.3
562         64    18     9      962.8     1510.7
563         55    12     6     1749.5     1508.5
564         64    12     6      597.5     1510.5
565         68    14    12     1238.7     1514.6
566         62    12    12     1519.5     1513.3
567         80    17    10     2133.0     1515.8
568         72    14     6     1912.8     1514.4
569         92    21    10     1936.3     1516.9
570         87    11    13     1608.8     1519.9
571         62     8    10     1491.6     1520.6
572         75    15    11     1863.3     1521.3
573         56    12     6     2071.5     1518.8
574         52     7    10      425.1     1524.3
575         56     8     8     2663.5     1523.5
576         83    12    13     1795.3     1528.4
577         51    11     7      560.9     1526.8
578         86    10    17     1758.2     1533.8
579         55     8     9     1881.1     1531.3
580         56    13    10     2112.3     1531.8
581        171    22    17     2041.8     1538.8
582         87    16     7      487.3     1538.9
583         58    16    10     1248.8     1540.6
584        173    22    25     1917.1     1553.6
585         85    10    13     2352.5     1545.0
586        112    20    18     2207.6     1550.9
587         90    14    17     2279.0     1549.1
588         64     8    16      865.6     1549.7
589         60    15     9      923.0     1551.9
590        123    18    14     1710.6     1555.0
591         75    18     8     2061.9     1553.7
592         76    12     9     2097.7     1554.9
593         76     6    16     1040.5     1559.3
594         79    13    11     1339.8     1557.0
595         64     7    18     2395.1     1566.2
596        103    18     7      296.7     1560.6
597         58    11    15      529.9     1564.9
598         70    13     8      235.8     1565.9
599         85    16    15      831.7     1569.2
600         66    20     7     2000.8     1566.0
601         90    24     6     2237.5     1564.8
602        187    24    14     2028.7     1571.6
603         87    10    16     2138.3     1572.4
604         55     9     9     2295.5     1571.1
605        149    12    21     2314.1     1576.0
606        141    18    25     1803.7     1583.6
607        109    16    15     1956.3     1576.8
608         76     9    13      736.4     1577.8
609         52    12    11     1529.5     1578.0
610         95    16    10     2274.4     1577.0
611         59    10    10      934.7     1578.4
612         70    10    10     2415.3     1579.8
613         80    14     8     1310.0     1579.0
614         66    14     8     1355.7     1584.9
615         55     6    12     2146.3     1588.8
616         99    12    17      384.2     1593.7
617         52     6    10     2084.5     1591.5
618         59    10     9     1670.8     1595.3
619         82    15     6     2343.0     1592.5
620        124    10    18     1923.8     1603.5
621        122    16    19     1943.7     1604.2
622         60     8    10     2185.0     1599.6
623         62     8    10      481.1     1603.4
624         50    11     6      525.0     1602.2
625         71    18     7      601.2     1604.5
626         53    17     7     1441.4     1607.7
627        105    11    19     1745.5     1613.6
628         62     6    12     1866.5     1610.3
629         52     6    10     2124.5     1609.5
630         95    20     7     1464.5     1608.7
631         70    12    10     2303.1     1610.1
632         56     9    11      287.7     1613.8
633        106    13    19     1373.2     1614.4
634        334    28    36     1618.7     1622.8
635        171    21    18     2382.6     1618.1
636         56    10     8     1486.3     1616.6
637         72    12     8      797.5     1618.3
638        109    17    11     1820.0     1620.4
639         58     9    11     1434.1     1625.7
640         50     9    10      491.0     1626.5
641         50     7    10     1786.3     1626.7
642         65     7    18     1899.2     1633.9
643        126    16    29      435.4     1640.3
644         82    12    17     2405.0     1635.8
645         54    10     7     2114.5     1633.0
646         74    10    11     1946.7     1642.1
647         51    10     7     1844.8     1644.8
648         90     8    14     2103.1     1649.6
649         76    16    14      502.3     1653.8
650        138    16    17     1916.0     1655.1
651        264    33    27     2292.6     1660.2
652         98    12    19     1425.5     1660.8
653         56     8     8     1459.5     1655.5
654         95    17    14     1483.6     1660.3
655         62    10     8     1772.7     1657.8
656         89    17    10     1974.2     1658.1
657         67    10     9      245.9     1660.2
658        155    24    24     2126.4     1668.2
659         50    10     7      373.0     1662.5
660        117    12    18     1690.1     1669.1
661         61    10    10      890.1     1668.6
662        167    31    12     2091.2     1669.6
663         80    10    11     2394.9     1669.1
664        150    14    21     1568.3     1675.0
665         81    10    13     1600.7     1672.9
666         68    12     9     2291.5     1679.0
667         66    18     9     1631.3     1681.5
668         52     8     8     1587.3     1683.3
669        138    16    22     1664.0     1696.4
670         63    10    16     1974.5     1692.4
671         50     9     8      314.4     1691.9
672         73    12    13      435.0     1701.9
673        165    25    16     1443.3     1706.4
674         52     8     8      621.3     1708.3
675         56     8     9     2467.1     1707.7
676         67     9    12      803.3     1712.2
677         74    10    10     1552.5     1717.9
678         60     7    13     1649.1     1718.4
679         83    10    16     2078.5     1720.2
680         56     8     8     2007.5     1719.5
681         65    10    10     2099.8     1721.6
682         55     9    16     2408.4     1724.6
683         81    15    10     1575.6     1724.2
684         77    12    11     1350.1     1725.8
685         74     9    13     1729.4     1728.9
686        137    18    29     2694.1     1736.5
687        136    20    16      893.8     1736.8
688         90    14    18     1230.8     1737.5
689         72    10    10     2239.8     1735.5
690         60     8    13      447.1     1740.8
691         96    13    12      416.3     1744.8
692         86    14    10     2349.6     1747.1
693         52    10     7     2148.0     1748.4
694         55    10     8     2168.8     1747.8
695         56     8    10      259.8     1751.5
696        101    14    13     1642.9     1753.0
697        111    14    16     1666.8     1754.0
698         50    11     7      430.5     1751.9
699         56     8     8      523.5     1755.5
700         60    11     8     1733.0     1755.3
701         71    14     9     1906.4     1757.4
702        192    36    20     2195.9     1762.8
703        103    12    13      361.4     1760.0
704         52    12    14     2287.9     1764.1
705         92     6    17      486.5     1767.2
706        110    13    19      804.2     1766.6
707         85    12    19     1418.8     1768.0
708         70    12    16     1183.8     1767.4
709        264    38    32     1646.0     1782.9
710        100    12    15      550.0     1772.5
711         56    14    11     2138.5     1771.0
712         50     8     8      823.6     1772.1
713         56     8     8     1587.5     1771.5
714         57    15    10     2343.6     1772.8
715         57    11    10      449.8     1774.2
716        118    20    17      748.3     1780.8
717         63     8    11     1549.9     1776.0
718         57     9     8     2059.6     1775.8
719         66    10     9      601.8     1779.4
720         87    10    12     1968.9     1784.6
721         90    18     9     2307.3     1782.4
722         67    16    10      833.6     1786.1
723         79    14    17     1517.5     1795.1
724         82    12    12     2185.2     1798.5
725        133    18     9     2236.3     1819.7
726         60    12     7     1428.5     1820.7
727         80    14     7     1660.2     1820.3
728         52    18     4     2189.5     1821.9
