Flake Detection Statistics
==========================

Technique: v070
V threshold: 0.7, S threshold: 0.2
Hue range: 20.0-70.0
Min area: 50px
Open radius: 2, Close radius: 4

Total flake area: 170751 px
Total image area: 19961856 px
Coverage: 0.86%
Detected components: 84

Area stats: min=50, max=87945, mean=2032.8, median=74.5

  #   Area(px)  Width Height    CenterX    CenterY
-------------------------------------------------------
  1      87945   3065   1754     3702.4     2125.9
  2        250     26     25     2707.9     1660.7
  3         59     10     16     2537.7     1663.6
  4        180     18     32     2683.3     1682.8
  5         91     15     11     2641.5     1679.5
  6         54     14      6     2717.9     1701.7
  7         69     10     15     2708.0     1728.2
  8      67507   2212   1912     3199.5     2703.2
  9        127     12     22     2787.0     1752.9
 10        213     25     31     2723.7     1765.1
 11         94     12     16     2350.6     1781.7
 12        109     25     14     2683.3     1793.3
 13         93     18     15     2776.3     1797.5
 14         77     19      8     2692.8     1814.3
 15         53      9     14     2619.9     1841.8
 16         66     15      7     2839.8     1848.9
 17         52     13      6     2424.5     1859.3
 18        113     12     27     2689.6     1888.8
 19         57     16      6     2727.8     1876.8
 20         97     11     16     2947.0     1880.8
 21        158     16     25     2930.6     1888.1
 22         83     11     13     2599.9     1911.9
 23         66     12     16     2982.5     1927.5
 24         56      7     13     2565.4     1957.0
 25         54     14     10     2593.6     1954.6
 26         61     13     12     2681.6     1960.2
 27         70     19      9     2641.3     1971.5
 28        119     20     11     2624.3     1990.3
 29         82     11     16     2611.4     2039.5
 30         87     12     14     3064.4     2083.9
 31         96     17     12     3090.5     2092.1
 32         73     16      8     3135.7     2099.6
 33         50     10      7     3003.4     2136.0
 34         54      9     14     3117.1     2156.0
 35         51     11      8     3067.0     2161.6
 36         52     11     11     2775.7     2183.3
 37        120     10     21     2888.1     2191.8
 38         78      8     16     3011.6     2198.0
 39         94     16     16     3307.0     2213.3
 40        130     20     15     2788.4     2215.1
 41         81     16     15     2838.6     2234.0
 42         56     16      6     3058.1     2232.9
 43        209     19     19     2879.1     2250.3
 44        184     25     20     3078.8     2254.6
 45         58     13      6     3125.8     2250.3
 46         85     16      8     3305.0     2314.8
 47         58     15     10     3121.9     2334.6
 48         66     12     10     3309.0     2339.0
 49         57      7     13     3063.5     2345.7
 50         54      9     10     2898.6     2348.9
 51        144     21     21     3393.5     2355.7
 52         64     14     10     3150.7     2380.8
 53         64      7     15     3010.6     2392.5
 54        236     28     36     3186.1     2410.0
 55        174     25     26     3138.2     2411.8
 56         67     10     16     3158.7     2409.5
 57        135     16     13     3252.0     2409.1
 58        154     18     16     3449.0     2420.5
 59         76     18      8     3096.9     2423.6
 60         58     18      9     3394.3     2432.7
 61        104     13     14     3218.9     2437.1
 62         63     11     11     3229.6     2452.7
 63         56     14      7     3312.8     2454.1
 64         54     10      9     2114.2     2469.5
 65         58     14      6     3144.1     2467.5
 66         53      7     10     3184.2     2471.8
 67         67     18      8     3261.2     2471.2
 68         85     10     19     3272.8     2502.8
 69         68     11     17     3209.4     2504.7
 70        123     11     20     3319.1     2529.9
 71         63     18      7     3423.8     2604.8
 72         67     11     13     3722.1     2616.1
 73         54      9      9     3289.4     2648.7
 74         81     16     12     3556.6     2738.4
 75         56      9     11     3574.7     2762.8
 76         60     10     11     3750.4     2806.5
 77         60     19      9     3720.0     2884.9
 78         50      8      9     3637.3     2930.9
 79         62     10     10     4052.8     3012.7
 80         79      9     15     4088.0     3110.8
 81       1430    107     94     5213.2     3233.9
 82        119     18     22     5273.4     3291.3
 83        177     24     17     3908.6     3348.7
 84       6642    127    225     5397.3     3501.8
