Flake Detection Statistics
==========================

Technique: v070
V threshold: 0.7, S threshold: 0.2
Hue range: 20.0-70.0
Min area: 50px
Open radius: 2, Close radius: 4

Total flake area: 866342 px
Total image area: 19961856 px
Coverage: 4.34%
Detected components: 142

Area stats: min=50, max=793815, mean=6101.0, median=111.0

  #   Area(px)  Width Height    CenterX    CenterY
-------------------------------------------------------
  1         79     11     18     1313.6      146.2
  2        125     11     33     1350.5      232.3
  3        286     25     31     1416.8      357.2
  4     793815   1484   2932     2166.7     2204.0
  5        162     18     11      108.0      601.7
  6         51      9      8      483.2      838.5
  7         81     10     14     1477.0      925.9
  8        213     24     28     1484.2      959.6
  9        173     13     31     1484.3      995.3
 10       1872     67     88     1484.0     1061.5
 11        251     16     31     1497.1     1029.2
 12         72     11     16      624.8     1031.2
 13        301     21     26      597.6     1054.3
 14        316     20     35      618.0     1084.9
 15       9479     94    290     1470.5     1211.1
 16         84     11     11      662.8     1153.4
 17         79     14     19      711.4     1257.6
 18         74     11     14     1697.1     1320.4
 19         60     10     10     1543.4     1439.5
 20        137     16     18     1554.9     1464.3
 21         72      8     13     1571.8     1491.0
 22         74     11     17     1853.2     1621.3
 23        164     14     23     1611.2     1637.4
 24        113     16     13      873.4     1646.3
 25         64     14     11     2110.0     1654.9
 26        106     11     23      905.5     1667.0
 27         83     16     20     1625.3     1683.4
 28        288     29     26     1638.8     1698.0
 29         50     11     14      899.6     1713.7
 30         50      9     14      923.8     1715.4
 31         60     13     12      914.3     1755.9
 32         63      9     16      949.4     1780.4
 33         80     11     15     2194.7     1817.0
 34         60      8     13      981.3     1863.3
 35         74     12     14     2223.7     1876.4
 36         54      8     12      994.4     1895.6
 37        126     15     31     1014.2     1941.1
 38         71     10     12      982.6     1934.4
 39        200     22     45     2273.4     1972.5
 40        142     17     29     1003.2     1976.3
 41         61     11      9     1748.7     1971.7
 42        141     14     19     1016.5     2003.8
 43        199     21     41     1046.9     2018.7
 44         54      9     10     2300.4     2021.0
 45        424     31     57     1040.2     2059.8
 46         65     12     13     2309.2     2041.6
 47         52     15      6     2056.6     2056.7
 48         75     12     20     1068.6     2069.6
 49        195     16     32     1062.1     2111.1
 50        198     17     31     2365.0     2145.6
 51         70      9     14     1100.3     2141.3
 52         50      7     11     1114.3     2174.9
 53        100     10     21     2385.5     2182.0
 54        326     28     42     1099.7     2198.2
 55         67     10     15     1126.1     2201.4
 56        126     10     22     2400.7     2212.7
 57        182     19     28     2424.0     2259.2
 58        623     49     99     1142.0     2297.6
 59        124     18     14     2449.9     2305.2
 60         72     14     10     2462.2     2328.0
 61         54     10     14     1182.5     2333.0
 62        102     18     12     2478.3     2357.8
 63         81     10     12     2245.0     2363.3
 64        105      9     17     1172.0     2370.8
 65         52     17      6     2093.5     2371.8
 66        217     23     16     2497.4     2391.9
 67        564     29     65     1199.4     2422.6
 68        148     16     30     1223.1     2420.9
 69        629     51    112     1261.9     2506.5
 70         53      7     11     1903.9     2454.9
 71         56     17     10     2287.6     2462.6
 72        135     19     30     1224.1     2481.1
 73        141     13     23     1238.7     2512.9
 74         89     13     23     1940.2     2531.4
 75       2994    101    268     1297.5     2666.2
 76        104     20     13     2572.9     2539.5
 77         88     12     16     1959.2     2572.2
 78        202     27     25     2599.7     2591.9
 79        286     23     56     1313.5     2638.2
 80         57     15      8     2614.7     2652.1
 81        201     16     42     1337.5     2709.3
 82         76     10     18     2021.4     2704.1
 83         58      7     12     2443.0     2765.2
 84        200     14     41     1355.8     2784.8
 85         52      8     12     2068.3     2804.8
 86         76      8     15     1340.8     2809.4
 87        103     28      7     1420.0     2817.0
 88         51     15      5     1464.7     2819.0
 89        202     49     10     1558.1     2825.5
 90         52     15      6     1378.4     2830.7
 91        281     69     11     1451.5     2834.9
 92         64     16     10     1497.6     2836.9
 93       1192    103     80     1579.4     2863.2
 94         58      9     12     1602.8     2841.6
 95         50      8     10     2363.5     2860.7
 96        406     38     72     1637.5     2907.7
 97         54     11      7     2773.5     2914.6
 98      15982    794    633     1964.1     3332.3
 99        234     24     45     1669.8     2977.9
100         87     14     17     2783.7     2981.9
101        161     17     32     1692.5     3028.9
102        565     45    101     1729.2     3117.1
103        510     56     28     2285.4     3096.4
104         52      7     11     2838.1     3091.3
105        137     10     23     2284.0     3134.3
106         50      8     10     2233.8     3131.4
107        509     24     55     2342.9     3162.1
108        147     12     26     2367.7     3163.2
109        183     23     41     2258.0     3177.9
110        306     27     52     1763.8     3202.3
111        111     15     23     2279.7     3219.4
112        449     39     72     1796.6     3272.5
113         91     12     19     2293.1     3246.1
114       1396     77    134     2351.4     3311.4
115        121     14     25     2306.4     3271.1
116         53     12      7     2475.8     3285.9
117        160     18     32     2330.8     3317.0
118         79     10     13     1818.5     3318.2
119         66      9     12     1827.7     3335.4
120        148     15     22     1840.4     3359.5
121         60      9     13     2350.1     3354.9
122         74     14      9     2475.8     3372.6
123         55      9     13     2367.4     3389.1
124        110     15     17     2538.5     3398.2
125         58     16      6     1933.1     3396.8
126        100     25      6     1964.3     3397.3
127        126     29      7     1998.7     3398.0
128        312     58      9     2049.6     3399.1
129        636    114     33     2147.9     3412.2
130        501     49     85     2395.9     3443.9
131         67     10     15     2710.6     3413.3
132      16118    225    176     2637.0     3506.0
133         91     15     10     2655.1     3414.5
134        767     66     25     2661.1     3431.5
135       1370     70     65     2758.9     3459.1
136        301     50     24     2227.4     3444.1
137        252     36     41     2273.4     3478.6
138        362     51     17     2384.0     3502.6
139        111     21      9     2341.3     3502.7
140        312     28     31     2427.3     3526.7
141        663     43     26     2471.1     3550.3
142         58      8     13     2763.4     3568.4
