Flake Detection Statistics
==========================

Probability threshold: 0.5
V hard gate: 1.5σ
H hard gate: 1.5σ
Minimum area: 100px

Detected components: 923

  #   Area(px)  Width Height    CenterX    CenterY
-------------------------------------------------------
  1        101     17     21     1909.3      395.6
  2        107     18     19      977.3      576.3
  3        100     19     16     3673.5      858.7
  4        111     25     17     3771.1      860.1
  5        100     20     18     1011.7      883.7
  6        126     22     17     2506.0      909.6
  7        136     28     23      700.4      917.9
  8        148     21     25     2005.4      989.0
  9        118     23     31     2075.5     1076.8
 10        233     30     30      695.4     1104.4
 11        119     18     24     2704.4     1125.8
 12        126     22     17     3678.2     1144.0
 13        104     22     16     1017.8     1165.1
 14        176     34     33     3651.1     1218.4
 15        121     21     21     2433.8     1222.5
 16        103     18     20     2117.5     1261.7
 17        100     14     29      622.7     1298.9
 18        147     15     34     4007.6     1303.0
 19        107     16     28     1196.2     1336.0
 20        105     25     16     1781.3     1348.2
 21        152     27     23     2621.9     1367.1
 22        112     10     34     4283.5     1374.6
 23        115     21     19     2118.6     1379.8
 24        110     20     19     1658.3     1396.5
 25        105     17     20      172.1     1399.8
 26        115     26     20     3508.5     1404.9
 27        121     21     19     3110.0     1406.8
 28        126     25     15      324.3     1419.9
 29        112     25     17     1904.7     1428.3
 30        121     28     18      303.7     1443.5
 31        100     22     14     3670.4     1442.4
 32        144     17     30     4266.1     1452.6
 33        127     21     23     1903.9     1456.9
 34        110     19     20     1693.7     1458.4
 35        113     18     15     4047.2     1460.7
 36        104     23     12     1661.0     1460.1
 37        121     22     20     3208.3     1463.6
 38        100     20     16     4249.4     1471.5
 39        105     27     14     2920.4     1472.1
 40        100     17     20     3421.7     1477.5
 41        100     16     18     2373.7     1496.4
 42        150     25     25     4141.7     1516.6
 43        203     20     20     1457.7     1529.7
 44        156     24     17      923.0     1528.3
 45        176     19     28     2242.3     1543.7
 46        104     14     29     3445.9     1545.2
 47        169     33     21     4032.0     1541.5
 48        104     20     16     4243.8     1539.2
 49        100     21     20     1313.6     1548.6
 50        110     21     19     4149.5     1548.1
 51        102     19     23     3286.1     1550.9
 52        107     16     23     2783.2     1555.8
 53        163     28     21     3454.9     1569.8
 54        114     19     20     2529.8     1574.7
 55        111     22     15     4114.3     1576.9
 56        170     19     32     4166.1     1583.7
 57        191     29     30     3649.2     1587.3
 58        103     21     16     3550.3     1583.2
 59        127     18     27     3609.1     1588.8
 60        116     30     17     1133.6     1585.7
 61        126     16     23     3293.3     1589.5
 62        115     14     29     2642.7     1595.9
 63        100     12     24     1595.0     1594.0
 64        140     18     26     2349.6     1597.2
 65        447     44     33     2385.3     1608.4
 66        100     17     18      749.3     1599.7
 67        119     21     15     2775.3     1600.9
 68        124     21     22     3221.4     1604.1
 69        121     30     16      670.1     1603.3
 70        170     31     20     2442.1     1604.7
 71        131     22     24      721.6     1612.2
 72        101     22     12     2310.4     1609.2
 73        110     19     25     3697.8     1618.1
 74        124     19     20     2355.8     1617.4
 75        372     40     31     2454.9     1622.2
 76       1674    114     53     2299.3     1638.9
 77        686     56     39     2418.9     1631.1
 78       1740    126     80     2532.6     1655.2
 79        135     23     20     1320.8     1624.7
 80        145     19     26     2074.0     1627.2
 81        141     19     30     2245.9     1634.1
 82        105     22     26     3687.6     1633.1
 83        112     21     23     4458.2     1632.0
 84        113     29     19     1600.5     1635.2
 85        169     44     14     3119.3     1630.8
 86        136     17     22     3969.8     1637.0
 87        134     24     22     4021.1     1638.2
 88        103     19     23      177.9     1643.7
 89        127     22     31     3427.0     1646.1
 90        109     17     17     2579.4     1651.8
 91        118     19     21     4413.3     1652.7
 92        113     19     18      587.8     1654.6
 93        130     32     28     4532.5     1664.4
 94        100     29     14      146.6     1670.5
 95        137     17     23     1287.1     1672.4
 96        113     14     24     3801.3     1672.2
 97        107     21     20     1383.1     1674.8
 98        101     24     14     4252.5     1671.9
 99      11595    278    169     2411.2     1753.7
100        111     22     18     1685.1     1691.4
101        821    119     32     2150.8     1695.4
102        144     28     15     2641.6     1691.8
103       1414     93     87     1983.4     1731.1
104        109     22     19     2057.1     1696.1
105        155     18     28     2721.0     1705.0
106        149     20     22     3695.3     1704.2
107        111     17     31     2954.3     1712.0
108        199     19     40     2055.4     1721.4
109        184     25     30     2790.9     1723.1
110        184     24     23     2744.7     1721.5
111        137     25     20      325.4     1721.7
112        194     24     29     2828.0     1728.4
113        159     21     27     4258.8     1730.0
114        248     32     27     2804.8     1735.8
115        158     36     21      958.8     1736.9
116      66456    567    416     2704.8     1941.5
117        105     14     26     3834.0     1743.3
118        105     37     20     4585.1     1743.2
119        240     44     30     2852.7     1749.2
120      19779    476    215     2360.1     1862.3
121        106     17     23     1541.2     1756.9
122        101     15     15     4077.2     1763.6
123        104     22     15      564.5     1766.4
124        126     15     29     2576.1     1773.3
125        112     21     17     3062.2     1767.9
126        125     24     18     1605.0     1785.2
127        117     28     13     4252.6     1783.7
128        116     28     16     1502.7     1788.3
129        107     24     15     1158.6     1801.1
130        167     21     27     3890.5     1805.9
131        113     21     18     4321.9     1810.8
132        114     23     18     3713.4     1816.9
133        115     16     21     4070.2     1820.4
134        105     16     28     4245.6     1831.1
135        124     20     21     4350.0     1831.7
136        123     22     24     3382.3     1832.8
137        102     23     18     3968.1     1835.5
138        185     28     24     2963.8     1838.2
139        105     17     23     4278.0     1840.2
140        114     18     18     4858.4     1836.7
141        104     17     28     4091.3     1846.6
142        220     32     28     2439.3     1847.8
143        134     20     31     3779.7     1860.6
144        163     20     24     4528.2     1858.0
145        105     22     16     3838.5     1854.3
146        127     22     24     2994.8     1859.7
147        103     23     15     3325.3     1865.7
148        221     31     27     3211.2     1878.3
149        134     22     32     3708.6     1880.0
150        141     27     18     3916.9     1869.9
151        122     26     17     4088.0     1872.5
152       1153     89    113     1792.5     1915.7
153        116     20     17     3528.8     1879.1
154        154     16     27     3864.0     1884.6
155        215     31     29     2932.9     1899.2
156        101     21     22     4693.5     1896.1
157        331     33     34     1714.4     1904.7
158        155     22     24     3816.7     1908.1
159        116     19     21     3419.1     1907.5
160        118     17     24     3775.5     1906.3
161        102     13     21      431.5     1911.2
162        173     28     23     4163.7     1922.0
163        200     31     26     3879.1     1927.0
164        128     22     20     3185.5     1925.4
165        121     25     18     1317.5     1926.8
166        118     26     17     3438.9     1924.9
167        108     15     16     1849.1     1927.9
168        116     18     22     3986.8     1931.2
169        324     28     30     1906.5     1941.8
170        588     60     76     1696.4     1973.2
171        118     20     22     4215.5     1946.1
172        264     29     38     4284.6     1956.4
173        113     25     21      360.7     1952.8
174        112     22     20     3376.4     1950.2
175        105     20     14     4463.9     1950.0
176        133     23     17     4044.5     1955.8
177        178     29     23     4175.3     1958.9
178        100     13     21     3880.8     1957.5
179        191     29     21     3962.9     1960.8
180        101     25     14      856.9     1956.9
181        201     32     19     4068.9     1960.4
182        125     16     19     1885.1     1962.1
183        103     20     22     4947.6     1962.8
184        129     12     30     1736.8     1972.4
185        141     31     19     4017.2     1964.4
186        424     29     27     1631.9     1970.5
187        207     21     49     3429.9     1985.3
188        120     14     27     3929.6     1976.9
189        227     31     30     4317.2     1977.3
190        110     16     20      525.4     1976.2
191        129     27     20     3371.6     1976.4
192        102     24     17     3759.3     1982.6
193        106     24     19     2418.9     1987.6
194        152     39     18     3316.7     1985.0
195        144     25     28     3886.3     1989.6
196        106     26     15     2952.7     1985.6
197        107     22     12      377.9     1988.4
198        235     46     61     1594.2     2013.5
199        119     23     17     4077.1     1997.6
200        150     33     23      270.7     2000.2
201        136     24     24      719.0     2006.7
202        111     30      9     3993.2     1999.9
203        132     19     23     3577.8     2006.2
204        130     18     24     4517.2     2008.5
205        105     24     18      317.3     2010.6
206        132     18     28     4055.5     2013.8
207        151     20     25     4646.3     2010.7
208        108     14     28     3518.4     2017.5
209        105     15     26     4148.9     2018.0
210        133     16     23     3966.9     2017.4
211        147     29     18      583.1     2021.4
212        124     22     30     4531.7     2030.7
213        221     42     37     1654.0     2031.0
214        233     26     20     1356.1     2026.7
215        629     47     53     1515.6     2041.3
216        451     29     33     1721.5     2046.1
217        188     19     37     2765.8     2047.2
218        100     20     18     3715.1     2041.5
219        102     13     25     2095.2     2048.4
220        146     19     24     3516.6     2049.9
221        106     19     20      742.2     2049.2
222        118     17     24     4095.7     2052.1
223        106     17     26     4360.1     2053.3
224        117     22     25     3459.4     2060.1
225        138     16     35     3584.1     2071.1
226        225     76     42     1632.2     2075.4
227        104     18     22     1731.6     2068.9
228        471     30     37     1316.2     2081.8
229        102     18     15     4582.0     2069.5
230        141     31     32     4589.8     2080.7
231        135     20     26     3687.7     2079.7
232        168     24     26     4008.8     2078.8
233        107     19     25     3812.7     2094.3
234        289     75     34     1630.8     2104.8
235        126     15     30     4901.3     2105.0
236        174     23     30     3301.5     2108.0
237        134     19     27      275.9     2108.2
238        107     18     26     4664.2     2108.9
239        124     16     24     3502.3     2113.9
240        121     24     13     4613.3     2107.9
241        106     15     21     1753.5     2112.3
242        108     17     17     3641.1     2110.4
243        120     20     26     3320.1     2119.4
244        110     15     15      841.8     2113.7
245        405     41     49     1530.1     2130.1
246        101     16     25     3557.6     2119.6
247        142     24     18     4186.4     2116.7
248        223     32     30      372.3     2128.6
249        105     18     24      691.9     2124.1
250        142     18     24     3960.8     2125.7
251        118     27     12     1787.4     2123.0
252        123     15     33     4019.5     2139.4
253        156     23     28     4796.9     2133.3
254        162     31     20     4293.0     2131.1
255        214     49     54     1590.1     2150.4
256        190     28     24     2795.9     2139.2
257        131     21     24     2719.1     2142.7
258        108     24     15     1878.4     2142.2
259        119     18     19     4074.5     2144.7
260        135     22     20     3959.3     2150.7
261        229     25     30     1550.6     2156.8
262        113     24     14     1842.4     2152.8
263        163     28     23     3376.9     2161.4
264        108     17     18     3513.2     2156.6
265        102     21     23      226.7     2168.5
266        109     29     21     1613.0     2169.6
267        112     23     17     2814.7     2169.3
268        467     39     52     1526.7     2195.8
269        100     15     17     4272.9     2182.8
270        269     30     39     4524.0     2196.2
271        105     24     23     1575.7     2191.1
272        113     22     19     1293.4     2189.6
273        134     25     16     3363.1     2190.4
274        111     19     17     3103.7     2194.5
275        130     19     30     3194.8     2201.4
276        147     20     25     3720.3     2203.4
277        143     27     22     3831.4     2201.0
278        121     19     24     4120.3     2200.4
279        130     15     31     3592.4     2207.6
280        189     30     23     1422.5     2208.2
281        169     21     20     3557.0     2209.3
282        101     15     21     4458.2     2215.6
283        122     16     24     4447.8     2221.7
284        128     20     18     3652.1     2220.9
285        139     25     25     3914.7     2223.8
286        309     26     34     1504.4     2232.8
287        117     31     14      325.4     2222.0
288       3058     90    145     1545.7     2277.3
289        109     17     18     3116.5     2225.3
290        105     18     16     3446.3     2223.6
291        114     18     14     4606.6     2222.4
292        116     25     18     2874.8     2227.6
293        130     26     18     3295.4     2231.9
294        115     16     32     3396.6     2239.5
295        150     24     19     3590.7     2233.1
296        134     22     19     4482.9     2231.9
297        104     21     18     3452.6     2237.9
298        105     24     13      161.6     2240.8
299        112     25     20      513.5     2244.3
300        104     19     18     4581.0     2246.3
301        147     28     28     4067.4     2250.6
302        149     24     18     3923.6     2249.7
303        117     27     15     3679.1     2250.1
304        400     38     47     1483.6     2266.8
305        103     21     15     3705.9     2254.0
306        100     13     25     4512.6     2260.3
307        100     17     25     4440.6     2266.3
308        123     19     21     4564.0     2264.2
309        113     20     22     3498.5     2269.7
310        126     18     19     4904.1     2268.5
311        114     26     13     3584.2     2271.5
312        129     19     20     3735.8     2271.7
313        160     27     24     3460.0     2275.5
314        149     27     24     3991.9     2282.0
315        231     25     28     1425.2     2282.3
316        124     20     18     3903.7     2278.5
317        100     15     24     3975.5     2281.5
318        106     24     16     3724.4     2283.7
319        139     24     19      485.0     2284.6
320        110     22     23     4643.5     2293.0
321        107     20     16     4125.0     2289.3
322        115     14     28     3795.4     2296.1
323        111     19     19     4084.0     2293.3
324        154     25     24      531.7     2299.7
325        109     15     18     3318.8     2300.0
326        225     32     26     1387.3     2305.5
327        167     30     32     3643.2     2312.3
328        118     16     28     4514.1     2309.1
329        138     27     28     1802.7     2314.1
330        121     17     21     3525.9     2313.9
331        107     11     25      724.3     2318.1
332        108     19     17     1464.0     2313.6
333        107     23     16     3041.9     2311.5
334        121     22     28      181.0     2317.3
335        123     24     19     3691.7     2316.5
336        104     21     17     1552.4     2316.5
337        186     21     33     3765.3     2325.9
338        168     30     15     4202.8     2316.0
339        125     21     21     3914.0     2319.8
340        119     35     13     3494.8     2319.3
341        115     17     23     4172.5     2323.8
342        107     12     24     3191.2     2326.9
343        175     22     23     3790.8     2334.2
344        101     23     18     4424.1     2328.5
345        112     24     22     4634.8     2331.6
346        804     45     52     1408.7     2348.2
347        141     15     28     3749.2     2338.0
348        119     34     11     4099.5     2330.4
349        112     24     17     4234.3     2335.2
350        101     12     24     3672.3     2340.7
351        101     17     19     3727.9     2340.6
352        116     13     32     4504.1     2346.4
353        179     26     32     4175.4     2353.2
354        270     30     29     4044.8     2353.2
355        128     26     18     3705.3     2350.5
356        156     22     33     4193.2     2357.9
357        136     13     44     3515.1     2363.7
358        195     18     29     3924.3     2356.3
359        107     15     16     4583.6     2349.8
360        104     21     15     4564.4     2349.7
361        119     26     16     5017.6     2357.0
362        112     24     18     3752.5     2358.4
363        112     18     17     3958.3     2363.6
364        123     20     29     3567.0     2371.0
365        100     23     16       94.7     2372.3
366        132     24     22     3218.1     2376.6
367        113     18     22     3838.9     2374.2
368        121     21     15     4426.8     2371.9
369        130     16     27     2197.9     2379.9
370        104     14     21     4029.9     2376.9
371        163     35     21     4759.9     2389.2
372        125     18     20     4607.5     2387.1
373        171     26     25     3255.6     2394.2
374        226     37     28     3981.4     2396.8
375        100     19     16     4646.2     2392.9
376        121     22     24     3936.8     2399.0
377        203     45     19     5038.8     2399.2
378        127     17     29     2260.0     2407.8
379        100     20     21     3906.0     2403.7
380        126     22     24     4311.8     2403.9
381        114     16     28     4279.8     2414.7
382        235     25     38     4985.1     2414.2
383        101     20     13     4749.6     2405.1
384        202     28     35     3947.6     2425.5
385        105     27     15     3404.8     2418.0
386        116     18     21     4118.7     2422.5
387        175     21     24     4584.2     2428.2
388        109     15     26     3222.0     2432.2
389        120     16     23      304.4     2434.4
390        115     19     16     3650.3     2429.2
391        108     23     19     3778.1     2431.1
392        139     20     21     3843.2     2436.0
393        110     16     17     4402.5     2431.7
394        297     37     43     3925.8     2447.4
395        108     20     19     4566.8     2435.9
396        164     21     25     3814.6     2446.0
397        253     32     34     4638.7     2449.7
398        132     23     15     3159.2     2443.5
399        133     18     28     3902.6     2457.1
400        300     39     39     4697.0     2462.8
401        106     17     21     4110.8     2459.1
402        236     30     29     3669.6     2466.6
403        118     14     28     4811.2     2467.3
404        145     14     27     4496.6     2465.5
405        100     22     16     4397.9     2462.4
406        129     15     26     1306.4     2471.2
407        136     24     23     3341.7     2473.8
408        206     40     22     4117.7     2474.3
409        101     21     24     3241.4     2478.6
410        102     19     14     3359.6     2472.6
411        111     29     15     4609.5     2474.8
412        113     17     20     3515.1     2482.0
413        273     33     41     4167.3     2498.1
414        156     20     20     3431.1     2485.9
415        111     27     20     4560.0     2483.2
416        106     15     19     4135.6     2486.3
417        107     27     14     3089.9     2485.8
418        146     19     25     3642.5     2492.6
419        116     23     17     4768.8     2486.6
420        112     18     25     4286.8     2496.0
421        126     17     19     3229.8     2496.8
422        106     16     19     3747.7     2497.2
423        206     48     22      205.7     2501.6
424        106     20     20     2883.5     2499.3
425        113     16     20     3330.2     2499.1
426        132     15     28     4188.8     2504.0
427        109     20     25     3796.9     2503.3
428        107     22     16     3556.1     2503.9
429        113     19     20     3972.5     2504.8
430        121     26     13     3437.4     2506.2
431        102     14     21     3580.3     2510.9
432        100     22     14     3275.2     2508.1
433        119     23     29      509.5     2526.7
434        152     21     30     4041.4     2525.9
435        127     12     36     2430.8     2531.6
436        112     23     18     3992.3     2519.2
437        103     16     17     4605.7     2520.5
438        192     27     27     4699.9     2528.7
439        110     16     32     3376.2     2530.2
440        123     16     25     3218.4     2530.4
441        150     14     34     3523.5     2535.4
442        110     20     19     3691.8     2530.1
443        156     21     21     4562.6     2531.7
444        107     19     23     4631.9     2537.2
445        170     29     30     4725.5     2546.2
446        108     15     27     3583.2     2549.7
447        129     20     32     4594.9     2555.5
448        116     16     28      640.7     2557.6
449        282     26     35     3973.7     2561.0
450        123     22     21     5130.3     2555.1
451        110     22     25      480.2     2560.3
452        101     22     23      217.5     2556.8
453        190     28     23     3868.9     2557.7
454        107     32     17     5077.9     2559.3
455        109     19     16     4070.6     2562.3
456        130     18     22     4105.6     2569.7
457        164     28     27     3700.0     2575.2
458        114     12     27     4792.8     2578.5
459        124     20     22     4071.8     2577.5
460        127     24     18      503.7     2577.8
461        104     22     28     2885.7     2582.3
462        110     20     17     3354.6     2583.5
463        184     18     30     4875.1     2594.2
464        110     18     19     3638.5     2591.0
465        170     18     34     3804.2     2598.5
466        100     21     15     4851.0     2588.5
467        100     20     20     3919.8     2595.3
468        185     24     36     4664.7     2600.4
469        106     14     32     5250.8     2607.9
470        154     20     32     4976.4     2611.9
471        114     19     27     5025.6     2609.4
472        138     19     27     1022.2     2612.2
473        104     15     26     4134.1     2616.9
474        102     19     18     4819.6     2613.2
475        161     16     34     3631.1     2623.6
476        104     17     18     4369.1     2620.5
477        104     17     18     4886.0     2618.4
478        187     38     34      916.3     2637.1
479        100     21     18      724.2     2634.1
480        108     19     19     3113.3     2635.1
481        105     19     23     3418.9     2640.6
482        114     15     26     3833.9     2641.9
483        107     16     17     3881.7     2639.1
484        106     12     27     3294.2     2646.8
485        107     19     20     4329.5     2642.9
486        101     17     19     4616.8     2640.8
487        145     26     26      644.0     2649.0
488        124     25     21     1066.5     2646.8
489        117     21     17     4117.7     2643.2
490        121     23     22     4160.6     2647.8
491        104     17     16     3820.0     2646.9
492        200     27     43     4089.4     2664.2
493        100     19     15     3984.1     2649.9
494        152     35     13     2739.1     2651.1
495        110     19     18     4433.5     2651.1
496        134     24     26     4525.4     2655.5
497        121     20     26     3857.2     2664.0
498        106     19     13     4113.9     2658.3
499        107     21     18     2650.8     2664.5
500        117     33     13     3714.8     2660.4
501        177     22     28     3829.9     2676.5
502        100     25     11      301.2     2667.2
503        105     14     16     4498.3     2669.6
504        146     26     19     2724.3     2676.4
505        152     24     32     3968.4     2687.1
506        108     21     32     4207.4     2684.6
507        340     32     27     1288.4     2686.4
508        137     31     14     4694.0     2679.4
509        103     24     25     5393.3     2687.3
510        122     14     30     3500.0     2693.5
511        139     16     30     4000.6     2696.2
512        176     20     27     3843.5     2696.4
513        205     20     42     3923.1     2706.5
514        145     14     29     3713.6     2704.6
515        110     21     23      133.1     2701.4
516        146     18     28     3879.6     2713.1
517        126     29     20     5062.2     2709.8
518        405     57     39     3963.6     2720.8
519        167     14     31     4576.5     2714.3
520        130     22     22      167.4     2719.0
521        128     26     22     4262.0     2721.4
522        132     22     23     4110.4     2725.8
523        131     21     20     4820.9     2721.3
524        153     20     25     4091.7     2726.6
525        134     32     16     3505.6     2723.5
526        126     29     13     4529.3     2721.6
527        120     22     16     3814.8     2724.6
528        111     33     15     4498.4     2725.7
529        150     17     33     4430.7     2741.2
530        107     11     27     4301.6     2740.8
531        107     14     20     3646.4     2741.1
532        163     26     17     4452.4     2739.4
533        105     16     20     4568.4     2740.8
534        183     37     20     3419.7     2740.6
535        117     14     17     4042.4     2741.0
536        113     15     30     4148.1     2750.6
537        122     18     21     5044.4     2747.7
538        101     15     23     4247.6     2753.6
539        117     22     20     4161.5     2754.6
540        101     20     22     3352.3     2755.5
541        108     14     24     1193.1     2761.8
542        171     22     29     3864.7     2770.7
543        183     31     20     4444.5     2766.0
544        104     13     23     4096.4     2770.9
545        100     17     14     4617.1     2764.3
546        115     20     25     1145.1     2776.1
547        158     29     24     4046.3     2775.9
548        306     29     46     4075.1     2789.6
549        109     17     18     4245.3     2775.2
550        106     17     23      369.4     2777.1
551        175     24     30     3931.1     2781.8
552        155     28     24     4741.1     2782.4
553        124     19     21     1778.4     2780.4
554        115     23     21     3578.7     2779.4
555        130     22     15     4904.4     2778.3
556        150     26     37     3698.4     2788.7
557        103     23     16     5323.7     2782.0
558        103     20     18     4201.4     2782.5
559        105     20     17     5181.1     2786.3
560        129     22     18     4126.0     2791.9
561        105     18     17      274.4     2790.4
562        118     17     24      615.3     2793.5
563        104     17     19     5347.0     2794.2
564        112     20     17      550.0     2796.5
565        195     28     30     2049.4     2804.4
566        122     20     23     4008.9     2802.1
567        111     19     17     3459.9     2800.1
568        142     25     22     1575.8     2803.5
569        185     22     30     4404.9     2810.2
570        129     30     20     2879.1     2806.8
571        100     24     20     5030.3     2807.7
572        107     20     23     2648.5     2819.4
573        103     24     20     3629.3     2819.1
574        102     24     14     1902.0     2817.0
575        159     30     19     3387.8     2818.7
576        112     16     25     4383.8     2823.0
577        177     17     31     2145.5     2831.1
578        159     28     17     5318.5     2820.1
579        109     15     25     2432.1     2831.0
580        132     25     14     4703.9     2832.7
581        106     15     21     4041.6     2836.2
582        137     23     23     4109.7     2837.3
583        269     48     24     4143.1     2839.2
584        109     29     13     2780.3     2837.2
585        106     16     18     3682.6     2843.1
586        119     19     20     5078.0     2844.8
587        106     19     27     2006.4     2855.1
588        139     28     23     3978.4     2854.2
589        171     26     26     4162.7     2859.0
590        129     28     16     4411.8     2853.1
591        106     20     21     4694.1     2866.1
592        253     35     31     1990.5     2875.3
593        149     24     18     3944.6     2871.3
594        144     16     34     5306.6     2881.6
595        136     24     22     3968.3     2877.1
596        341     45     44     4125.2     2888.8
597        113     23     22     3286.5     2885.3
598        125     21     19     5174.3     2885.0
599        187     26     33     3747.1     2900.3
600        100     18     15     4006.7     2891.7
601        104     21     21     1935.1     2897.7
602        102     23     19     4031.7     2896.6
603        104     21     24     2235.3     2903.9
604        175     16     38     4254.1     2912.1
605        177     28     23     4644.4     2904.4
606        104     32     15     4719.3     2901.8
607        100     18     22     5091.3     2908.1
608        186     34     20     4166.2     2909.7
609        116     18     26     4466.0     2913.4
610        134     21     26     3979.5     2917.5
611        104     18     18     4335.2     2916.9
612        113     24     24     3903.0     2918.3
613        160     35     19     4715.9     2916.4
614        121     25     22     5248.7     2921.3
615        116     16     31     4360.6     2924.7
616        117     24     22     5003.9     2919.8
617        103     24     18     4377.0     2921.8
618        240     35     24     5091.7     2932.0
619        125     26     16     1954.9     2930.2
620        100     16     21     3245.2     2931.3
621        167     40     14     4585.9     2930.0
622        144     20     27     4619.8     2936.1
623        102     15     22      189.0     2935.7
624        159     38     21     3751.3     2937.5
625        110     18     14     5347.9     2932.1
626        119     19     26     2029.5     2940.1
627        101     24     14     3950.5     2938.9
628        115     22     27     5013.1     2945.4
629        144     25     29     4296.9     2948.2
630        121     23     19     4129.1     2944.5
631        102     20     18     3851.3     2953.1
632        107     21     18     4387.9     2951.7
633        115     15     26     4468.5     2963.2
634        109     19     21     4884.5     2958.8
635        180     33     26     4932.4     2963.6
636        119     24     22     3303.4     2958.6
637        108     17     22     4093.7     2961.0
638        122     32     21     4317.4     2958.9
639        186     19     40     3644.4     2974.7
640        100     22     19     4531.4     2962.7
641        210     32     25     3446.8     2966.1
642        113     34     17     4758.3     2959.5
643        164     18     32     5228.0     2968.8
644        152     32     19     3742.2     2967.6
645        109     24     18     4176.3     2966.9
646        144     16     27     5098.9     2971.9
647        156     34     19     4824.1     2966.6
648        111     20     15      393.1     2970.9
649        122     25     17     4275.0     2969.7
650        126     18     20     1922.6     2976.4
651        116     24     23     1885.2     2981.2
652        159     29     24     3996.3     2985.8
653        220     25     33     3956.0     2996.2
654        102     19     16     3350.1     2990.3
655        102     22     13     2891.4     2989.9
656        154     22     29     3923.4     3000.6
657        165     25     33     4415.3     3000.3
658        125     22     16     1917.7     2995.0
659        111     36     10     3669.8     2998.6
660        102     21     18     4253.0     3001.0
661        125     20     24     4429.1     3006.9
662        153     23     20     4703.5     3005.2
663        115     19     21     5376.8     3006.7
664        138     26     13     1875.4     3004.2
665        130     16     27     1907.4     3011.3
666        176     26     23     4271.6     3011.2
667        134     20     25     4935.3     3013.2
668        121     24     19     4304.4     3012.0
669        107     22     22     2568.0     3022.2
670        111     20     15     5403.9     3014.9
671        155     24     29     4186.0     3025.3
672        101     26     18     4862.9     3017.5
673        127     36     16       48.9     3022.8
674        253     30     34     4897.5     3026.4
675        101     14     19     3446.6     3026.9
676        127     16     26     4493.8     3031.4
677        115     27     18     4526.5     3025.0
678        163     20     26     1901.3     3031.1
679        103     24     10     5261.9     3023.2
680        147     25     23     3838.3     3032.4
681        175     16     31     4450.7     3034.1
682        131     26     16     1037.2     3031.0
683        135     36     19     3227.2     3035.0
684        199     28     23     4388.1     3039.1
685        148     28     19     4738.4     3041.7
686        139     24     26     2775.6     3048.2
687        107     16     19     4665.0     3046.7
688        152     26     21     4944.4     3048.2
689        160     25     27     3952.2     3051.7
690        148     26     30     2663.7     3053.5
691        117     14     21      495.5     3053.5
692        134     26     19      579.7     3060.1
693        104     17     17     2874.8     3061.3
694        101     16     19      520.2     3064.5
695        129     16     23     3093.0     3075.9
696        103     14     19     4690.4     3070.2
697        130     16     24     1878.4     3075.3
698        177     22     26     3858.3     3079.0
699        145     18     31     4264.1     3079.9
700        118     22     21     4534.9     3075.0
701        145     26     19     3649.0     3077.7
702        138     18     28     3579.1     3084.4
703        118     16     18     2884.1     3080.4
704        107     16     18     3778.3     3082.4
705        288     26     47     1859.2     3100.9
706        104     25     19     3834.3     3089.6
707        191     27     28     4537.6     3097.8
708        179     23     29     4180.7     3102.9
709        160     19     27     4310.1     3100.4
710        182     24     25     5032.4     3097.8
711        118     17     20     2383.3     3096.8
712        114     14     29     4019.9     3105.1
713        175     26     18     3902.4     3103.4
714        105     22     20     3300.1     3108.6
715        106     21     19     4674.8     3108.7
716        135     30     14     4368.2     3108.2
717        189     38     27     3713.7     3119.3
718        101     18     21     4246.1     3120.8
719        210     33     34     4362.1     3127.4
720        171     31     26     4663.5     3129.6
721        144     22     29     3822.7     3129.1
722        100     19     12     4312.1     3124.6
723        121     23     17     4836.2     3126.7
724        104     14     26     2776.0     3138.3
725        111     22     23     2322.5     3136.2
726        118     15     25     5120.7     3138.4
727        101      9     28     2985.7     3144.0
728        155     22     28     4302.7     3148.4
729        133     16     32      457.8     3150.3
730        132     18     32     2835.1     3152.4
731        119     20     16     2950.6     3145.0
732        155     18     39     1092.5     3158.5
733        124     26     15     4279.9     3145.7
734        195     33     26     3105.4     3156.0
735        232     32     35     4564.9     3157.2
736        129     17     28     4728.9     3157.1
737        135     25     17     3770.5     3151.8
738        379     42     47     1839.2     3169.0
739        123     26     15     3618.9     3161.8
740        109     19     15     4789.0     3162.4
741        132     31     13     4478.1     3164.7
742        199     29     36     4196.1     3177.8
743        103     11     27     2402.2     3175.6
744        110     24     18     2102.9     3172.9
745        128     26     25     4347.3     3177.5
746        129     18     22     5153.0     3181.1
747        124     23     23     4727.2     3184.2
748        171     29     23     3656.8     3184.8
749        110     16     21      921.5     3189.6
750        156     25     22     3905.1     3194.6
751        100     20     22      821.2     3198.1
752        108     12     20     3315.4     3202.3
753        333     48     45     1819.6     3214.1
754        105     19     18     3641.6     3204.5
755        108     18     16     2380.0     3205.2
756        103     26     17     3768.3     3209.2
757        117     17     22     5343.1     3211.1
758        118     34     20     3072.7     3213.1
759        163     30     35     4256.4     3226.2
760        108     17     22     1614.8     3221.8
761        150     24     23     2625.1     3228.8
762        120     13     33      993.7     3236.2
763        109     20     17       63.3     3233.0
764        125     15     26     4271.3     3236.3
765        117     20     15     4653.0     3230.7
766        105     21     20     2388.1     3238.2
767        114     17     23     2817.9     3240.7
768        127     20     27     4069.5     3241.0
769        128     28     21     4985.7     3241.7
770        108     24     14     1822.8     3240.8
771        126     18     17     2498.2     3253.2
772        156     16     25     4463.3     3256.3
773        111     13     31      269.4     3258.1
774        191     31     26     3621.6     3257.8
775        133     27     16     4485.4     3255.1
776        131     15     28     4564.5     3260.3
777        102     16     28     5074.1     3261.3
778        236     22     39     1806.3     3267.6
779        101     16     24     2562.7     3262.8
780        106     20     18       29.4     3261.0
781        107     22     16     4175.5     3258.7
782        115     21     26     4269.5     3267.5
783        106     21     18     4037.6     3268.7
784        105     22     20      511.6     3269.5
785        233     34     34      637.9     3278.3
786        110     18     16     1064.2     3267.6
787        176     27     34     3135.7     3275.5
788        135     27     20     2868.5     3271.0
789        137     25     31     4932.9     3278.1
790        148     23     18     3401.9     3273.0
791        103     14     25     4617.1     3280.2
792        124     28     19      878.9     3281.0
793        108     27     18     3711.8     3281.7
794        183     21     33     3531.6     3299.8
795       3700     77    139     2107.2     3348.9
796        561     48     60     1793.9     3321.9
797        103     18     19     3178.4     3306.0
798        138     19     28     2983.6     3315.1
799        215     41     24     4480.7     3314.5
800        109     23     14      262.8     3322.3
801        106     13     36     2969.2     3336.8
802        101     15     23     3736.8     3328.1
803        147     27     33     2847.4     3336.8
804        103     20     15     4209.0     3326.7
805        113     24     21     2373.7     3337.7
806        107     12     27     3501.0     3338.9
807        108     15     24     2619.3     3340.5
808        132     30     20     4110.6     3338.6
809        114     17     18      762.5     3343.4
810        107     18     22     2054.2     3345.3
811        118     19     22     4151.3     3349.0
812        181     30     29     1064.0     3356.4
813        137     27     19     3899.8     3353.3
814        114     29     17     3933.7     3348.1
815        105     34      9     3121.5     3350.3
816        324     33     32     1784.1     3365.0
817        104     10     26     3602.5     3359.4
818        135     20     21     3827.2     3355.1
819        124     23     17     4113.5     3355.2
820        140     16     21     4448.0     3358.0
821        121     22     15     2776.4     3364.4
822        125     27     20     3622.8     3366.1
823        123     25     16     4290.3     3366.9
824        105     18     27     5301.4     3375.2
825        121     16     22     3985.6     3374.4
826        117     30     18       79.8     3375.2
827        145     30     19     3843.2     3374.2
828        564     39     55     2152.9     3402.7
829        113     18     17     3109.8     3387.7
830        321     22     38     1774.1     3400.5
831        103     12     18     5311.4     3390.8
832        105     24     20      982.1     3396.6
833        122     25     22     2564.2     3399.4
834        226     21     35     4183.6     3405.4
835        248     36     32     4557.2     3403.5
836        161     25     27     3276.7     3399.8
837        117     17     23     4441.3     3404.3
838        121     28     16     4641.8     3401.2
839        159     18     25     4473.5     3408.2
840        308     38     47     5129.8     3419.2
841        272     69     40     5032.8     3414.5
842        443     46     53     5093.1     3434.2
843        135     18     21      991.1     3418.4
844        170     23     27     4285.4     3426.1
845       1375     67     59     2117.9     3444.6
846        115     12     29     3881.6     3430.2
847        231     30     18     1768.1     3426.2
848        105     27     22     2319.9     3438.2
849        134     23     18     1213.1     3439.5
850        146     19     26     3850.1     3438.6
851        778     36     80     1761.6     3477.1
852        124     24     25     2554.2     3444.6
853        125     26     23     2768.5     3444.6
854        100     15     23      394.7     3446.9
855        105     23     15     3733.2     3445.0
856        112     25     16     4232.7     3445.9
857        126     20     17     2065.8     3459.8
858        100     20     18     4632.5     3457.1
859        110     23     22      262.3     3463.3
860        208    116     19     5163.7     3462.9
861        226     33     32     2455.3     3473.7
862        130     18     26     3972.2     3471.0
863        102     18     19      217.7     3467.9
864        180     25     39     4047.4     3479.7
865        185    100      9     5024.4     3463.4
866        110     27     17     3471.9     3478.5
867        127     30     15     4537.5     3481.8
868        168     35     21     2391.1     3488.8
869        174     26     23     4125.1     3488.9
870        392     28     29     1970.7     3493.4
871        428     32     48     2079.8     3502.6
872        113     28     15     4644.8     3487.3
873        102     19     19     2225.1     3491.8
874        103     20     16      249.3     3496.9
875        139     32     15     4734.2     3498.0
876        112     20     20     3498.9     3502.8
877        149     17     26     3311.9     3505.8
878        151     22     29      566.3     3509.4
879        115     19     19     1865.1     3507.5
880        100     12     21     3627.4     3518.1
881        105     22     20       44.6     3516.1
882        943     45     82     1754.5     3545.4
883        100     20     18      943.9     3519.3
884        151     24     30     3243.6     3526.1
885        115     19     25     3965.1     3524.1
886        101     25     16     2283.8     3521.8
887        107     21     15      970.0     3526.0
888        104     15     24     1870.0     3533.3
889        137     28     19     2338.1     3530.6
890        148     14     17     1786.9     3534.9
891        103     23     16     2386.7     3534.2
892        217     22     27     2063.5     3541.7
893        135     17     27     2078.7     3543.6
894        169     26     28     3687.1     3543.6
895        100     24     10     2973.5     3534.1
896        187     35     28      109.0     3547.8
897        153     18     22      319.7     3547.0
898        134     21     22      761.6     3547.6
899        137     24     18     3887.0     3545.5
900        101     22     16     4928.3     3542.6
901        104     18     16     3518.2     3546.4
902        104     17     21       62.7     3553.3
903        139     24     30      188.5     3559.0
904        116     21     20      853.5     3557.8
905        132     21     19     2669.8     3555.8
906        114     20     20     1704.0     3562.5
907        105     19     20     2826.9     3564.4
908        182     29     29      149.4     3568.3
909       1270     43     87     2048.2     3602.7
910        130     29     13     3921.0     3562.7
911        172     17     28     4535.6     3570.5
912        103     18     18     2710.4     3574.2
913        150     21     28     2987.3     3583.6
914        114     35     14      670.2     3583.6
915        127     24     19     3827.9     3592.4
916        118     23     18     1730.7     3596.8
917        158     15     24     1749.2     3602.1
918        101     21     18      481.5     3622.5
919        105     20     16     4350.1     3620.8
920        111     21     21     5269.1     3622.8
921        108     21     15      360.1     3626.0
922        111     13     22     3431.0     3629.3
923        101     17     18     4418.0     3630.9
