Flake Detection Statistics
==========================

Probability threshold: 0.7
V hard gate: 1.5σ
H hard gate: 1.5σ
Minimum area: 100px

Detected components: 82

  #   Area(px)  Width Height    CenterX    CenterY
-------------------------------------------------------
  1        187     19     20     1457.4     1529.8
  2        115     26     19     4033.2     1541.5
  3        189     38     19     2383.7     1612.1
  4        532     56     39     2418.8     1631.6
  5        847     77     49     2303.7     1640.9
  6        111     16     19     2345.6     1626.4
  7        267     29     40     2535.3     1654.0
  8        412     54     40     2564.4     1676.4
  9      11503    278    169     2411.2     1753.7
 10        821    119     32     2150.8     1695.4
 11       1414     93     87     1983.4     1731.1
 12        122     23     21     2744.7     1722.6
 13      58878    534    411     2692.9     1939.3
 14        972     77     53     2172.6     1771.6
 15        124     15     29     2576.1     1773.2
 16      16820    411    183     2378.9     1867.8
 17        127     18     21     2319.2     1826.8
 18        219     32     28     2439.3     1847.9
 19        121     13     27     2286.0     1873.2
 20       1148     89    113     1792.6     1915.7
 21        207     30     29     2932.9     1899.3
 22        338     38     31     2953.0     1897.7
 23        260     31     27     1715.8     1903.4
 24        138     19     21     2972.9     1919.8
 25        251     28     26     1906.7     1941.4
 26        585     60     76     1696.3     1973.4
 27        119     12     30     1736.7     1972.6
 28        354     28     23     1631.3     1970.0
 29        225     46     61     1593.5     2014.0
 30        219     42     37     1654.1     2030.9
 31        202     25     19     1355.8     2026.4
 32        203     28     18     1517.4     2031.1
 33        430     28     32     1721.5     2046.4
 34        180     19     36     2765.9     2047.5
 35        124     17     22     2660.0     2051.2
 36        223     76     42     1632.3     2075.4
 37        376     23     30     1315.7     2082.9
 38        288     75     34     1630.7     2104.8
 39        196     39     29     1530.2     2129.0
 40        209     48     54     1590.5     2150.1
 41        104     22     19     4296.2     2130.7
 42        119     15     23     1549.3     2157.3
 43        105     29     21     1612.9     2169.5
 44        105     24     23     1575.7     2191.1
 45        174     17     19     1522.5     2203.3
 46       2480     88    144     1548.0     2275.6
 47        105     15     15     1487.6     2256.6
 48        188     22     26     1425.4     2283.2
 49        418     28     40     1407.9     2345.1
 50        117     20     24     4986.1     2409.5
 51        103     16     20     4583.2     2426.7
 52        124     21     31     4639.0     2454.2
 53        111     19     17     3431.4     2486.5
 54        260     25     25     1289.6     2687.0
 55        111     16     16     2146.0     2832.5
 56        130     27     24     4117.8     2879.9
 57        115     18     28     4536.2     3098.4
 58        103     21     24     5034.2     3099.2
 59        134     21     23     1859.2     3107.6
 60        109     26     18     1823.9     3214.5
 61        172     21     34     1806.0     3269.2
 62        152     28     16     2114.3     3296.6
 63       2843     69    127     2106.9     3350.6
 64        255     24     40     1788.7     3330.3
 65        184     29     23     1780.7     3366.2
 66        127     16     18     2154.2     3386.5
 67        265     20     38     1774.0     3400.4
 68        199     20     18     2147.1     3406.4
 69        158     43     33     5024.8     3417.3
 70        112     27     33     5132.8     3417.4
 71       1093     63     46     2118.4     3443.6
 72        431     26     60     1761.4     3486.3
 73        170    116     16     5163.7     3462.6
 74        151     99      8     5023.6     3463.0
 75        287     21     24     1972.5     3490.9
 76        154     21     19     2082.8     3488.5
 77        103     17     25     3311.8     3505.7
 78        347     29     48     1755.2     3547.7
 79        118     14     15     1787.3     3535.0
 80        109     17     16     2065.6     3537.2
 81        606     26     63     2048.9     3601.7
 82        173     24     17     2040.7     3636.1
