Flake Detection Statistics
==========================

Probability threshold: 0.7
V hard gate: 2.0σ
H hard gate: 2.0σ
Minimum area: 100px

Detected components: 124

  #   Area(px)  Width Height    CenterX    CenterY
-------------------------------------------------------
  1        113     15     17      879.0      278.4
  2        198     19     20     1457.6     1529.8
  3        115     26     19     4033.2     1541.5
  4        919     71     58     2424.9     1627.4
  5        265     49     19     2381.0     1611.8
  6       1083     82     50     2303.8     1640.8
  7        150     16     21     2345.8     1626.5
  8        180     33     21     2498.9     1636.2
  9        109     16     23     2273.4     1641.9
 10        176     29     21     2243.7     1646.5
 11        827     80     57     2551.2     1666.5
 12     137306    851    467     2578.6     1892.6
 13       1041    123     33     2151.9     1695.4
 14       2019     95     89     1983.8     1730.0
 15        216     22     31     2767.3     1715.5
 16        162     24     21     2743.7     1721.4
 17        102     16     19     2807.2     1732.0
 18        100     25     14     2820.7     1738.7
 19        116     26     25     2865.9     1749.9
 20        130     24     21     2906.5     1809.5
 21       1559     91    113     1792.6     1915.2
 22        336     32     29     1715.9     1904.5
 23        130     22     21     2332.4     1913.9
 24        115     14     15     1849.3     1927.5
 25        260     28     26     1906.7     1941.3
 26        828     65     77     1696.9     1974.1
 27        110     26     20     2973.4     1942.2
 28        174     12     34     1737.1     1969.8
 29        470     32     26     1633.9     1970.3
 30        102     12     17     2153.8     1974.5
 31        147     17     27     2917.0     1976.9
 32        103     25     12     3369.3     1975.2
 33        100     26     17     2418.1     1987.8
 34        312     48     61     1592.5     2016.6
 35        296     43     38     1653.3     2031.6
 36        217     25     20     1355.6     2026.2
 37        304     28     33     1516.6     2034.3
 38        485     28     32     1721.3     2046.0
 39        726     78     66     1631.8     2091.7
 40        403     23     30     1315.8     2083.1
 41        125     29     17     2846.0     2078.7
 42        274     39     35     1532.0     2127.8
 43        586     59     79     1592.0     2166.0
 44        111     22     19     4296.2     2130.7
 45        183     15     28     1549.9     2159.0
 46        114     17     20     1537.1     2178.7
 47        224     30     19     1522.1     2203.3
 48       3214     88    147     1547.8     2276.8
 49        105     20     15     1507.6     2228.6
 50        102     22     18     3294.9     2232.2
 51        129     24     15     1503.1     2240.7
 52        118     15     15     1487.8     2256.4
 53        297     30     27     1423.2     2284.4
 54        113     20     19      486.1     2284.9
 55        102     28     21      627.7     2303.9
 56        167     31     22     1386.3     2304.5
 57        118     19     23     3040.4     2314.5
 58        138      2    136     5469.0     2373.5
 59        136     15     27     3750.6     2337.3
 60        487     28     40     1408.0     2345.0
 61        107     18     15     1394.0     2368.6
 62        122     20     24     4986.2     2409.5
 63        105     16     20     4583.2     2426.8
 64        133     21     31     4638.6     2454.2
 65        102      7     84     5468.4     2489.2
 66        122     25     17     3656.2     2474.0
 67        133     23     19     3432.4     2485.9
 68        101     24     15     3871.4     2555.5
 69        108     20     19     1058.6     2566.4
 70        127      8     92     5468.0     2677.5
 71        125     22     18      641.0     2648.3
 72        113     26     17     1068.0     2647.4
 73        270     25     25     1289.6     2686.9
 74        106     10     28     3713.8     2704.2
 75        112     15     20     3643.7     2743.2
 76        120     27     12     3415.8     2740.9
 77        113     21     20     5015.1     2748.6
 78        171      2    168     5469.0     2880.8
 79        124     19     16     2145.1     2832.8
 80        143     21     19     2022.1     2836.3
 81        226     29     24     1996.2     2870.3
 82        142     27     24     4117.4     2879.4
 83        103     25     13     4588.5     2930.1
 84        125     13     32     1935.7     2961.9
 85        115      2    112     5469.0     3020.7
 86        125     19     16     1922.6     2977.1
 87        105     21     23     3994.8     2983.6
 88        112     16     16     1919.7     2993.8
 89       1899    107    174     1876.7     3077.9
 90        110     26     15     4390.3     3016.5
 91        157      2    153     5469.0     3155.7
 92        119     18     28     4536.2     3098.3
 93        103     21     24     5034.2     3099.2
 94        301     35     32     1836.1     3180.7
 95        117     22     14     1830.9     3200.0
 96        251     27     31     1823.7     3219.4
 97        154     30     19     1814.9     3244.1
 98        484     29     51     1805.6     3279.7
 99        170     29     17     2113.6     3296.2
100       3078     69    135     2106.5     3351.2
101       1627     58    131     1781.1     3374.0
102        129     16     18     2154.2     3386.6
103        212     20     20     2147.2     3406.6
104        192     24     36     4989.3     3416.6
105        340     68     34     5039.2     3419.4
106        159     27     33     5131.7     3418.9
107        384     40     39     5093.2     3428.3
108        103     11     21     5063.1     3422.2
109        100     14     20     5117.1     3429.0
110       1208     63     46     2118.6     3443.4
111        152     19     20     1766.0     3444.6
112        444    232     26     5008.6     3454.8
113        543    293     22     5095.3     3460.7
114        764     29     73     1762.0     3487.9
115        308     23     24     1972.7     3490.7
116        166     21     19     2082.8     3488.5
117        125     17     25     3311.7     3504.8
118        493     33     58     1753.9     3549.8
119        121     14     15     1787.4     3535.1
120        117     17     16     2065.5     3537.2
121        107     16     15     2060.9     3563.3
122        670     26     63     2048.8     3601.9
123        126     15     25     1748.8     3603.7
124        244     24     21     2040.8     3638.0
