Flake Detection Statistics
==========================

Technique: v055
V>=0.55, S>=0.15, H=15.0-80.0
Min area: 50px, open=2, close=4

Total flake area: 172156 px
Image area: 19961856 px
Coverage: 0.86%
Detected: 756 flakes

Areas: min=50, max=8221, mean=227.7, median=100.0

  #       Area     W     H    CenterX    CenterY
--------------------------------------------------
  1       8221   514   202      455.6      133.9
  2        374    52    19      472.6        7.9
  3        236    37    22      596.2        8.2
  4         88    22     8      781.1        2.2
  5         80    11    14     1912.1        7.1
  6        478    60    17     3540.8        6.0
  7         80    13    10     3736.2        4.6
  8         73    10     9     3765.5        3.9
  9        141    26    11     4112.4        5.3
 10         95    15     8     4260.3        3.5
 11        171    22    16      814.9        8.9
 12         51     8     9     4312.0       12.9
 13        453    68    33      538.8       26.1
 14        896    64    36     4044.3       27.3
 15         54    12     7     4085.6       13.1
 16         51     8    14     4243.4       16.6
 17        821    43    73     3490.4       44.4
 18       1471    48    67     3063.0       46.4
 19        121    11    22     3700.1       24.7
 20         86    15    13     4135.5       20.1
 21         83    10    13     4339.7       21.0
 22        232    44    12      652.1       22.6
 23         53     8     9     1923.1       22.0
 24         89     8    18     3834.3       29.7
 25        126    16    20     2184.3       31.7
 26       2789   148   183     2703.0      111.7
 27        215    23    32     3105.4       36.1
 28        131    20    12      705.0       36.7
 29         67    11    16     4234.0       37.4
 30        177    22    25     1573.5       42.6
 31        161    17    31     1960.2       47.3
 32        258    33    16      742.9       41.3
 33         74    12    15     1550.3       41.1
 34        882    98    32      631.0       50.6
 35         56     9     9      656.1       40.2
 36        128    16    16      817.7       45.0
 37         66    13    16     3717.1       45.5
 38        493    32    36     1874.2       61.3
 39         84     8    17     4314.8       48.5
 40        100    23     9      787.8       47.5
 41         64    15    14     2786.8       50.4
 42        456    37    35     3857.6       61.3
 43        304    36    28     4114.3       55.6
 44        948    84    55      724.3       71.5
 45         95    10    18     4033.9       57.5
 46        690    46    60     3625.2       85.3
 47       1420   110    65     1064.8       79.8
 48        166    21    18     2432.5       68.6
 49        496    41    39     4140.0       81.8
 50        132    20    14     2505.3       67.5
 51        145    24    12     3100.3       67.7
 52        125    13    24     4202.1       73.3
 53        120    29    12     4583.1       68.8
 54        239    22    25     1575.7       75.7
 55         66     8    15     1792.5       70.9
 56        329    33    27     4092.5       77.2
 57         68    10    10     2403.4       71.2
 58        304    31    30     3578.0       81.4
 59        513    31    59     2457.5       99.0
 60        106    10    18     4607.6       81.9
 61         84    14    15     4365.6       85.3
 62        304    17    44     1139.1      105.8
 63         80    16    12     2121.4       86.8
 64         92    17    10     4254.4       86.8
 65        193    17    25     4345.8       96.1
 66        191    23    24     2392.3       96.3
 67         67    13     9     3120.4       90.4
 68         50    13    11     3912.9       90.7
 69         67    19     6     5092.7       91.2
 70         67    11    18     3085.1      103.3
 71        142    27    13     4098.6      101.0
 72         71     8    14     4583.0      101.1
 73         62    15    11     3753.3      108.1
 74        189    21    29     4134.8      123.1
 75        272    33    20     2419.1      119.5
 76         85    18    10     3075.4      117.4
 77        158    16    21     4214.1      122.5
 78        109    26    11     3751.0      124.6
 79         53     9     8     4252.2      123.6
 80        142    13    24      741.5      133.8
 81        151    20    15     1109.5      129.5
 82         98    12    14     3956.3      129.7
 83        563    42    33     4183.9      139.9
 84         88    15     9     1078.4      128.0
 85        104    13    20     3215.5      137.9
 86        677    62    57     3733.8      162.1
 87        362    23    28     3981.1      141.3
 88         99     7    22     4315.2      142.3
 89        418    31    31     4344.2      146.0
 90         69    11     9     1642.0      144.6
 91        151    27    12     3463.3      149.3
 92         73    10    16     3953.8      152.8
 93         53     8     9     4096.9      151.3
 94        154    15    20     3092.9      157.2
 95         72    18    12     4077.8      153.2
 96        263    32    20     4115.7      165.1
 97        106    16    15     1102.3      165.5
 98        227    28    18     3999.0      167.4
 99       1004    56    63     4250.6      197.4
100         98    14    13     4198.7      170.8
101         67    15    15     3052.0      174.8
102        197    29    17     3232.7      176.2
103        465    33    42     3968.7      194.4
104         81    11    13     4264.9      177.5
105        282    27    29     4338.4      182.9
106        173    29    14     3099.7      180.6
107        382    52    24     3404.7      185.5
108        112    19    14      550.9      184.4
109         59    12     7     4180.5      183.3
110         56     6    15     3002.4      190.2
111        508    36    29     4000.1      196.0
112        107    21    13     4049.0      186.8
113         57     8    10     4200.8      187.9
114        214    21    26     3927.5      195.7
115         56    11     8      644.7      194.4
116         55    11     8      781.8      194.2
117         62    17     9     3742.3      194.6
118         74    11    11      841.5      197.3
119        108    17    10     4031.1      199.0
120        232    23    25     4216.8      206.5
121        152    20    19      972.7      204.5
122        335    58    17     4442.0      205.4
123        126    19    14      656.2      206.7
124         67     8    12     4357.7      206.7
125       6381   238   322     1046.7      360.2
126        130    11    26     3521.6      215.8
127        113    23    14     1660.1      212.7
128         69    13     9     2996.1      211.4
129        105    20    11     4331.5      211.9
130        132    18    17     4066.8      216.4
131        125    21    14     1689.4      216.0
132         51    16     7      983.9      215.9
133         69    15     7     3077.9      214.9
134        307    24    41     1610.6      236.1
135        109    21    13     3896.3      219.7
136         84    15    11     4404.9      218.7
137         60    16     7      566.8      219.8
138         53     9    10     1713.8      222.1
139        115    16    16     3011.3      228.2
140         72    14    12     4493.5      226.0
141         70    12    10     1575.9      233.3
142        167    21    14     1939.7      236.9
143         73     9    13     4221.9      236.9
144        717    26    59     3015.4      269.1
145         74    13    12     4487.2      243.0
146         62     8    17     4560.8      242.9
147         76    18     8      729.4      246.1
148         57    12    14     4130.6      252.6
149        265    31    30     4458.3      261.3
150        114    13    18      548.0      263.7
151        114    15    12     1716.9      258.7
152        160    14    20     4402.9      263.0
153        420    25    56     1189.1      288.0
154         54    15     8      663.3      263.2
155         58    16    11     3713.5      271.0
156        134    21    17     4347.4      275.3
157        297    36    31     3978.1      284.4
158        143    28    18     1622.8      279.0
159        155    24    25     2519.6      284.6
160        337    30    28     4010.7      287.5
161        106    13    16      612.5      284.0
162         69     9    10      810.0      283.0
163        316    31    24     4418.5      290.7
164         57     8    13      529.3      288.6
165        110    13    20     2990.5      295.8
166        199    23    19     4361.6      296.4
167        118    16    21      375.3      299.9
168         56    11     8     1641.1      294.4
169         63     8    11     4127.2      298.4
170         83    22     8     4322.1      298.9
171        391    32    40     2472.8      318.0
172         60     9     9      793.5      303.1
173        448    32    35     1657.2      313.3
174         71    13    14     3036.0      305.3
175        190    27    19     4067.9      306.7
176        332    44    31     2017.3      321.2
177         69     8    12      677.6      309.3
178        252    22    30     2060.4      319.7
179         66    13     9     3746.6      308.2
180         68    12     8     2533.3      313.1
181       2975    90    79     4347.5      351.1
182        290    30    22     4018.7      326.4
183        336    50    16     2766.3      323.5
184        216    18    21     1173.2      327.8
185         51    15     6     3856.5      321.7
186         99    19    19     1021.2      331.5
187         60    10    13     3671.9      326.1
188        192    32    12     4054.0      325.2
189       2210   102    83     4169.0      365.8
190        581    50    49     2547.6      346.3
191         50    10    13      940.4      334.4
192        288    27    32     4273.6      344.0
193        154    29    16     3951.2      344.6
194        835    73    48     4020.1      357.5
195         67    14    11     2447.8      345.2
196         81    10    18     4073.0      354.0
197         54    11    15     3788.8      358.7
198         69    23     9     3817.5      354.4
199         59    12     8      772.1      356.8
200         96    11    14     4087.8      359.8
201         58    10     8     1662.7      358.7
202         52    15     8      501.0      359.5
203        108    27     8     4288.1      362.3
204        254    28    34     2457.1      379.8
205        110    10    23     3858.2      376.3
206         72    12    12     4259.1      373.2
207        490    44    29     1545.1      383.1
208         58     6    13     1374.6      378.4
209       1293    59    72     4085.0      403.3
210         54    11    13     3824.2      382.1
211        126    19    14     4123.9      386.1
212         67    10    11     3967.6      386.1
213         95    14    12     2918.6      388.5
214         50     8    10     3751.4      386.4
215        103    13    16     1118.8      392.5
216        556    41    43     3732.4      403.7
217         64    14     7     4044.3      387.3
218        215    24    33     4383.3      400.5
219        106    26    14     4246.0      402.2
220        163    35    20     3781.7      405.1
221         65    10    16     3679.2      408.1
222         56     7    10     1641.2      408.6
223         57     7    11     4309.1      414.1
224        136    13    15     1111.3      417.2
225         88    10    12     3609.5      415.8
226        255    38    18     4171.2      422.7
227        268    30    26     4390.2      429.0
228        125    24    14     3882.1      423.3
229         60     8    10     1514.5      424.8
230        565    52    52     3662.6      445.1
231         93    10    14     5467.2      430.2
232         89    13    10      788.3      431.8
233         68     6    16     3252.1      433.9
234         96    16    14      650.8      439.8
235        121    12    15      866.4      438.9
236        116    23    18      747.1      443.7
237        765    64    55     4144.6      455.8
238         73    18     9      770.6      442.5
239        159    18    26     2885.9      451.2
240        117    17    16      815.2      449.6
241        145    24    20      718.8      456.8
242        186    22    28     4082.7      460.2
243        176    21    31     4217.2      462.4
244         99    18    10     4375.1      452.8
245       1387    97    76      673.2      486.6
246         50    13     9     3079.9      455.8
247         64    14     8      878.6      459.2
248         52    14     8     4104.9      464.3
249         76     7    13      934.9      470.1
250         81    12    18      805.2      476.5
251         71    13     8      456.2      484.9
252         94    10    14     1077.1      486.2
253        129    20    14     4336.6      489.7
254         60    11     8      905.6      492.6
255         74    18    12      547.9      509.4
256       2059    88    67      597.6      549.4
257         61    10    15      551.2      539.4
258         62    11    14      502.8      553.0
259        136    13    16     1810.3      553.0
260         64    11    10      652.9      561.1
261        202    22    28      495.3      576.6
262       1160    57    58      540.6      589.2
263         77    11    13     1041.9      572.5
264         90    11    16      663.9      581.7
265         80    13    14     2872.6      588.8
266        113    14    22     1807.8      597.0
267         93    15    11      493.3      603.0
268        127    15    16      572.8      612.4
269        166    19    32      540.9      636.4
270         54    13    12     5330.6      635.3
271         67    12    10     2853.8      638.7
272         50     9     8      558.7      643.9
273         58    14     7     2519.4      645.9
274        503    40    48      505.1      665.3
275        156    24    10     2948.1      651.2
276        288    25    23     2869.4      658.2
277        416    35    29     2913.8      671.7
278         74    13    11     2406.4      663.0
279         65     8    11     2520.5      663.2
280         86    11    12      475.0      666.5
281        132    21    10      533.3      678.8
282        149    15    32      461.3      693.9
283         87    14    12     2972.1      682.0
284         66    10    12     1642.1      687.0
285         58     9    12     2939.4      694.2
286        350    33    29      503.3      708.9
287         53    11     9     4553.1      699.8
288       1206    63    63      464.5      735.7
289        288    20    43     2563.1      725.7
290         77     9    13     3685.5      716.4
291         57    18     7     3705.8      713.9
292         64    14    10     4538.8      723.4
293         62    17    12     4557.7      727.6
294        187    19    27     5384.4      742.4
295        178    21    21      415.5      759.9
296        206    26    41      457.3      772.8
297         67    12    10     3219.1      763.4
298         87    13    10      357.8      767.4
299         52     8     9     2714.2      776.1
300         76    14    16      518.3      800.9
301        129    16    18      457.7      806.1
302        686    54    44      385.4      847.7
303         72    13    16     3043.2      844.5
304        163    21    21     3062.6      855.1
305         50    13    11      725.1      858.7
306         96    13    19     3061.5      880.8
307         52     9    12     1174.0      879.7
308       4074   122   173      348.3      967.6
309         55    11     7      424.7      888.1
310        113    12    15       73.5      894.6
311         52     7    10     1198.7      901.7
312         93    10    17      440.5      906.4
313         99    14    10     1171.4      902.4
314         87    14    13      335.9      908.1
315         57    17     8      415.8      909.9
316        166    16    19     2573.9      917.2
317         76    15    15     2036.9      915.4
318        653    55    29     1168.8      924.6
319         51    10    10     2484.7      914.8
320        189    35    20       56.7      924.0
321        290    27    28     2550.5      936.6
322         70    14    11     3054.2      933.9
323         93    14    17     2354.0      940.3
324        235    29    25     2498.7      946.8
325        540    47    35      295.3      959.8
326         61    15    12      825.9      948.1
327         66    10    15     2534.3      950.6
328         53    12     9     1984.8      953.9
329        133    24    26       99.1      967.8
330         54    12     8     1055.8      959.8
331         52     7    11     2369.1      961.7
332        242    11    33     3492.5      976.2
333        216    29    22     3451.9      972.2
334         65    15    12     3120.6      970.2
335         52     9     9     3153.8      969.3
336        114    15    15     2532.4      973.3
337         78     8    16     1037.7      982.0
338        118    25    17     2354.4      981.1
339       1041    70    48      241.7     1003.2
340        143    19    21     3092.3      991.7
341         73    14    14     3150.9      989.0
342         95    12    18       64.7      993.2
343         82    18    16     2492.4      990.9
344        237    27    32     1019.5     1003.5
345       4602   151   120      140.5     1040.7
346         82     8    15      967.6      995.3
347         62    11     8      957.3     1012.5
348         75    11     9     3477.2     1011.7
349        437    53    27     5008.7     1028.2
350         67    15    12       52.5     1022.2
351       1081    80    42      250.7     1035.7
352         99    19    10     4889.8     1020.6
353        448    42    21       70.4     1047.2
354         70    12     9      299.1     1044.6
355         59    14     8     3542.6     1046.2
356         54     8    10      196.2     1057.7
357        149    32    11      286.8     1060.3
358         55     5    15      358.0     1060.9
359        651    43    65     4477.8     1089.8
360         51    15    10     4966.3     1065.7
361         77    14     9     4787.6     1067.4
362        145    25    12     1865.8     1076.0
363        728    74    59     4828.1     1110.6
364         54     8    10     4445.6     1081.8
365        227    26    20      998.9     1089.4
366        273    29    37      132.2     1101.3
367        149    35    13      213.0     1117.6
368         53     9     8     3330.2     1115.6
369        201    23    19      163.0     1133.5
370         52     9    14     4040.0     1131.8
371        138    19    12     4429.5     1134.5
372        139    20    15     4457.3     1136.5
373         57    13     7     2327.8     1140.8
374        786    36    69     4411.9     1172.5
375        330    28    32     2458.7     1157.7
376         76    11    10     4485.2     1150.0
377         52     9     8     1140.1     1152.4
378        121     9    20      826.9     1165.8
379         82    11    18     4498.4     1169.6
380        183    15    32       22.0     1179.8
381         83    14     9      117.2     1174.5
382         50     8     8     3174.8     1173.6
383         83    15    17        5.5     1181.3
384        700    44    43     3928.9     1194.3
385         61     8    11     2284.6     1187.1
386         59     8    10       91.6     1189.3
387         53    13     7     4072.6     1189.8
388        938   119    39     4017.5     1206.2
389        237    38    26       30.3     1208.5
390        309    20    39     4501.5     1220.5
391         93    16    13     2263.1     1211.4
392         63     8    13      163.0     1213.9
393         59    10     9     2301.6     1213.3
394       1291    84    71      154.4     1255.6
395         62    16    10     2283.6     1223.4
396         57     8    10     3703.9     1223.5
397         56    17     8      893.0     1224.3
398        208    23    24     3729.7     1234.8
399        551    68    23     3857.3     1228.6
400         55    12     6     4291.3     1223.4
401         70     6    14     4442.6     1228.6
402         87    12    12      921.7     1230.2
403         56     8    11        7.5     1231.8
404        139    18    18     4096.0     1235.4
405        193    32    11      952.8     1234.0
406        127    20    10     2276.4     1238.5
407         52    13     7     4443.3     1244.0
408       1082    51   114     4150.6     1291.0
409        422    45    31     3674.0     1259.1
410        417    45    30     4472.1     1262.5
411         73    23     8       90.7     1254.2
412         62    10    10     1002.9     1255.2
413         51    10     7     5112.5     1258.1
414         95     8    16     3579.4     1264.0
415         88     8    19     3813.2     1266.9
416        146    13    20     5125.1     1275.0
417         54     9     9     1031.2     1270.0
418         99    18    12     1055.2     1276.5
419         73    13     8     3774.3     1274.5
420         80    14    12      110.3     1278.3
421         50    11     6     1077.1     1274.4
422         65    10    11     2643.2     1279.4
423         56    13     9     5431.0     1282.6
424        114    14    16       16.0     1290.9
425         51    11     6       65.0     1289.4
426         53     7    10     2570.7     1296.2
427         81    12    18     5461.8     1302.4
428        107    23    12      582.6     1302.5
429         57     9    10       31.4     1305.0
430         59    10     9       94.1     1309.2
431         58    15     6       52.4     1309.7
432        155    28    16     4590.8     1312.7
433         55    11     7     4933.1     1310.9
434         83    11    15      265.3     1320.5
435        203    27    24     3808.3     1327.2
436        362    42    39     4600.1     1340.6
437        363    38    27       53.5     1333.3
438         57    10     8       84.4     1323.1
439        390    34    34     3904.8     1341.6
440         50     8     9     3313.6     1333.8
441         87    16    12     3762.0     1334.8
442         57     8     9      525.4     1338.8
443         95    15    10      932.4     1339.1
444         98    11    12     4424.7     1339.5
445        320    37    30     4955.4     1350.8
446        703    56    47       97.5     1359.2
447        271    42    20     3856.6     1349.6
448        196    14    31     4410.8     1368.4
449        597    50    51     4444.1     1386.3
450         54     6    12     3814.6     1365.2
451        201    35    15     3748.6     1368.9
452        677    16    74     4166.4     1395.7
453        404    33    49     3917.2     1402.5
454        270    25    27      929.6     1393.6
455        100    11    25     3659.2     1394.6
456         52    11    11     3701.7     1387.7
457         98    12    17     3799.8     1389.9
458         51     8     9     3750.8     1392.7
459        115    17    10       49.0     1395.4
460         77    16     9      117.7     1394.2
461         76    20    10     4393.8     1395.6
462        114    17    12     3613.7     1401.0
463         55     5    15     3828.0     1406.1
464        204    24    32     3691.5     1416.6
465        141    22    16     3764.9     1409.1
466        170    17    22     3788.6     1413.4
467         87    22     9      655.3     1410.7
468        167    20    23     3589.0     1422.5
469        240    25    28     3660.6     1425.3
470        140    23    22     3824.2     1433.5
471        119     9    18      905.9     1430.9
472        261    13    33     4457.8     1440.4
473        145    19    12       41.1     1431.8
474        277    36    21     3789.7     1437.7
475         87    23     9     3933.8     1432.7
476        654    42    46      495.6     1458.3
477         55    14     6     3731.7     1433.7
478         60    10     9     3900.9     1435.0
479        198    26    26     3699.3     1448.6
480         55     8    11     4294.3     1441.4
481         68    13    10     3759.3     1445.4
482        158    17    17     5363.1     1450.9
483        113    15    12     3938.7     1449.5
484        200    25    29       32.4     1461.7
485         51    10     7      892.3     1451.8
486         65    10    10     3650.8     1453.0
487        579    85    28     4407.9     1466.2
488        172    27    20     3778.6     1461.5
489         94    21    14     5342.9     1458.4
490         69    17     9     2104.4     1463.4
491        109    17    12     5379.6     1464.9
492         82     8    14        3.0     1472.3
493        164    17    23       59.0     1485.8
494         59    13    14     2215.5     1482.1
495         77    12    14     2146.0     1485.8
496        105    24     8       12.4     1492.1
497         74    18     7     5377.3     1492.3
498         56    15     7      928.6     1493.2
499         51    13     6     3955.6     1495.2
500        110    18    22      952.3     1509.2
501        603    59    46     1580.2     1527.6
502         77    16     8        6.6     1506.2
503        106    13    14      477.5     1514.5
504        915    39    88     5342.8     1544.7
505        131    12    18     1670.0     1517.3
506        171    12    27     4130.4     1524.2
507         95    16    13        7.3     1522.8
508        142    17    23     3254.4     1543.5
509        104    13    18     5305.2     1540.6
510         66    13     8     3279.0     1537.3
511         60     8     9     3050.5     1543.8
512         66    16    11     3831.3     1547.3
513         51    16     6     1601.1     1549.7
514         60    14     7     3548.2     1553.7
515         85    18    11     1673.4     1560.2
516        159    21    14     5090.8     1562.1
517        154    15    25     5308.8     1570.9
518        116    14    17      894.2     1570.9
519        189    21    17     5323.8     1595.5
520        238    34    23     4931.3     1600.7
521         60    11     8     5102.6     1599.1
522         64     8    11     3961.5     1605.7
523        213    38    17     5261.3     1691.7
524        253    34    21     3984.6     1701.4
525        354    27    35     5132.6     1709.5
526        315    27    49     4027.9     1721.6
527         77    15    11     5208.5     1714.9
528        511    29    32     5098.2     1725.1
529         55     9     8     3831.0     1723.4
530         66    12     9       99.3     1726.5
531        384    26    45     3956.3     1754.4
532         96    10    20       84.0     1742.6
533        178    15    24     5143.0     1743.9
534         93    13    14     5225.5     1743.6
535        237    38    15     3998.2     1748.2
536        419    53    27     5087.8     1755.6
537         77    14    15     5128.8     1759.8
538        184    23    24       71.2     1763.9
539         89    16     9     3913.4     1766.0
540         78    16     8     1471.0     1770.4
541        279    25    23       48.3     1779.6
542       1220    68    54     5077.7     1800.3
543        192    19    21     5116.1     1789.1
544         86    16    10     4122.0     1805.7
545         85    17    11       68.6     1811.2
546         60    12     8     4087.7     1816.6
547         83    19     9     4140.7     1816.6
548         73    11    14     3538.6     1819.8
549        127    18    14     3556.7     1833.3
550         56    11    10     4136.4     1832.6
551        834    58    44     4830.9     1857.0
552        191    31    16      253.8     1845.6
553        106    18    16      204.1     1849.5
554        224    24    22     4108.5     1866.4
555         58     8    11     4789.7     1865.9
556         77    14    11      163.3     1867.1
557         74    14     8      313.5     1872.7
558        473    54    15     1439.3     1875.7
559         58    13     9     3216.7     1886.2
560         81    12    11     5409.7     1889.0
561         82    15    16     2818.9     1897.4
562         58     9    11      337.9     1897.1
563         51    10    10      651.7     1907.7
564        104    23     7      319.1     1907.6
565        293    40    22       67.7     1915.0
566        235    28    18      285.5     1917.0
567         52     9    11      100.2     1915.7
568        113    14    20     2829.2     1924.3
569         75    13    13     4677.8     1921.0
570         52    11    10     4810.0     1918.5
571        125    26    10      250.8     1932.6
572         75     8    16     4804.7     1939.6
573        193    23    25     4846.3     1943.0
574         54     9     9      230.0     1945.4
575        252    33    23       64.6     1962.6
576         59    10     8      185.5     1953.9
577        262    30    20       93.7     1981.9
578        109    13    14     5256.1     1976.0
579        211    17    29     1798.9     1992.4
580         86    10    13     4316.8     1988.4
581         70    11    16     5197.1     1989.3
582        177    22    25     5227.2     1995.4
583        128    32     9     3439.4     1995.4
584        129    17    16     5028.4     2003.9
585         90    14    12      153.8     2003.1
586        127    20    17     1811.6     2022.9
587        540    38    54     5046.5     2045.6
588        104    20    12      956.0     2025.5
589         56    11     8      874.6     2031.8
590        124    17    20      918.3     2047.6
591        100     9    19      965.1     2051.3
592         57     9    13       62.7     2048.9
593         87    10    11     3639.4     2054.3
594         94    20    10      921.9     2081.2
595        472    79    17     5102.8     2123.5
596         69     7    16     3539.0     2126.6
597        764    43    81     5156.7     2160.6
598         62    11    10     5415.5     2136.6
599         52     9     9     2051.9     2141.3
600        446    41    29     5406.1     2158.5
601        569    22    68        5.2     2199.4
602         57     9     9     1584.2     2172.2
603        214    29    32     1601.7     2202.4
604        236    20    27     2570.2     2208.2
605         52     8    14     4972.6     2208.3
606         53     7    13     4405.9     2213.0
607        218    40    15     4859.2     2218.8
608         56     9    10     4820.8     2229.8
609        492    70    32     5081.0     2252.8
610        249    16    33     4899.9     2254.7
611         91    22     9     5377.9     2241.8
612        193    40    12     2501.9     2247.2
613        191    16    17        6.8     2254.7
614        119    14    23     5398.3     2256.8
615        108    15    18     4425.2     2257.8
616        124    25    10     5023.8     2255.6
617        162    26    13     2539.0     2259.0
618        165    20    17     4995.7     2261.3
619        211    37    14     4946.6     2267.6
620         57    11    10     4099.6     2269.0
621         67    14    14     4918.3     2272.2
622         66    17     9       11.6     2272.2
623        618    42    46     4881.9     2290.3
624         61    12     8     1511.6     2274.5
625        466    31    62     4993.0     2297.2
626        111    11    16     3427.6     2297.1
627        174    33    16     5210.0     2299.4
628         62    23     9     3606.6     2298.8
629         59    12     9     5178.7     2303.2
630        352    36    22       43.5     2316.0
631         71    14     9     4842.4     2317.3
632        374    47    24     5197.3     2330.5
633       1340    45    76       24.6     2378.2
634         58    12     7     4963.4     2339.9
635         88    20     9     5083.6     2345.0
636        110    13    19     3652.9     2355.9
637         73    13     9     3331.3     2355.1
638         59     7    15     4798.5     2369.5
639         54     8     9     2787.9     2385.3
640         78    12    10     3611.8     2390.2
641        100    19    12     4798.9     2401.6
642        258    33    15     5086.2     2410.7
643         97    14    11     4774.3     2408.6
644        285    38    18     5127.4     2416.4
645        110    17    16     4757.3     2426.6
646        544    63    14     5099.0     2436.7
647        206    13    23     4836.7     2452.8
648        200    18    21     4759.1     2456.2
649        152    15    21     4781.6     2495.7
650         59    11     8     5271.1     2488.6
651        441    42    34     5212.5     2503.8
652         65    17     9     5253.8     2492.8
653         57     9     9     4710.1     2499.0
654         94    16    11     4760.5     2500.0
655        151    18    18     5179.2     2514.5
656        211    34    30     4663.4     2522.0
657        232    41    12     4827.6     2514.2
658        322    37    24     2523.7     2529.2
659        330    16    41     4726.4     2539.7
660        166    20    15     5291.0     2534.4
661         87     9    14     5191.2     2534.9
662        115    15    12     4412.0     2544.2
663        154    12    33     4652.4     2556.6
664        233    29    22     5268.8     2550.9
665         55    14     6      521.3     2548.3
666         65    10    10     4392.6     2556.2
667        131    20    12     3465.7     2564.9
668         71    13     8     5083.2     2564.5
669         81    13    13     5302.7     2567.1
670         80    11    12     4439.8     2566.7
671        136    24    12     4729.9     2574.4
672        328    51    14     4690.3     2577.9
673        222    16    35     4976.6     2589.5
674         94    15     9      170.9     2588.1
675        144    26    11     4403.5     2594.2
676         88    11    16     4993.8     2600.9
677        275    42    22     5451.3     2603.3
678        109    32     7      352.6     2601.7
679         82    23     9     3337.7     2620.2
680         57    13    10     3841.5     2628.6
681        161    19    20     4999.3     2639.9
682         78    17     9     3795.9     2634.7
683         86    16     9     5063.7     2639.1
684        100    12    16     3497.8     2647.9
685       3588    88   111     5054.4     2710.7
686        140    28    10     4754.5     2655.7
687        233    21    20      478.7     2667.6
688        154    17    24     5448.1     2672.9
689         56    13     8     1893.5     2669.0
690         95    12    13     4793.8     2669.8
691        212    26    20     5278.8     2678.0
692        236    18    30     4005.8     2683.6
693        393    62    19     4771.9     2693.3
694        113    13    16     5310.0     2698.1
695        893    42    56      469.3     2720.3
696        238    32    13      416.7     2700.7
697         94    19    10     4831.9     2700.8
698         53    12     7     3291.0     2701.1
699        177    25    17     4381.6     2715.0
700        129    19    21     5298.0     2728.4
701        153    10    22     4021.5     2757.9
702         83    11    17     3885.6     2759.9
703         58     8    11      641.4     2758.9
704         54     5    14     5070.0     2769.6
705        107    14    14      534.4     2770.2
706        641    81    48      477.8     2798.9
707        133    13    23     4020.4     2801.4
708         85    12    12     3904.6     2835.1
709         59    13    11     3975.2     2842.9
710         54    13    14     5128.4     2854.0
711         67    10    13     3992.4     2854.0
712         51    13     9     5153.8     2857.0
713         56     6    12     4010.7     2865.5
714         57    15     8     3055.6     2867.2
715        112    23    11      267.8     2884.7
716        109    16    15     5112.1     2886.3
717         88    19    12      239.1     2889.9
718         59     9    10     3980.3     2904.9
719        135    26    11     4032.1     2906.0
720         77    14    13     4009.2     2916.2
721        115    24    14     4108.1     2937.9
722         54     8     9      117.8     2953.3
723         56    14     9      392.7     2967.3
724        192    19    37     1731.4     2979.6
725         58     7    12     1507.3     2969.6
726         50     7    12      333.1     2972.5
727         61    16     6     4173.1     2985.6
728         98    10    15     4185.7     3001.1
729         50     8    10     2221.4     3003.4
730        142    16    24     4195.8     3031.6
731         54    12     8      103.6     3063.4
732         54    12    10     5449.1     3068.7
733         67    19     8     1315.6     3084.2
734        146    28     9     1180.4     3086.9
735         98    12    14     1142.2     3108.1
736        146    25    23     4065.6     3113.9
737        769    88    16     1192.4     3139.8
738         57     9     9       41.8     3157.2
739         57     7    13     2101.1     3158.0
740        104    16    15      577.6     3202.2
741        154    29    11     2306.7     3209.3
742         51     8     9      999.2     3211.0
743         53    12     6      459.1     3226.1
744         63    12     9      645.8     3240.0
745         60    13     8     5461.2     3304.2
746         81     9    14     1105.9     3320.5
747         74    16    11     2833.9     3456.5
748         82    19    20      512.1     3467.8
749         52     7    10      539.8     3462.2
750         71    15     7      536.0     3512.2
751         54     9    13      689.0     3565.8
752         55     8    11      671.6     3573.2
753         60    18     7     3855.1     3607.3
754         93    10    16     2633.5     3627.2
755        121    20    15     3872.7     3640.7
756         53     9     7     1582.3     3644.5
