Flake Detection Statistics
==========================

Technique: v055
V>=0.55, S>=0.15, H=15.0-80.0
Min area: 50px, open=2, close=4

Total flake area: 66210 px
Image area: 4990464 px
Coverage: 1.33%
Detected: 32 flakes

Areas: min=51, max=21585, mean=2069.1, median=103.0

  #       Area     W     H    CenterX    CenterY
--------------------------------------------------
  1         96    19    10     2322.9       37.7
  2        361    50    26     2335.0       53.0
  3         51    10     8     1106.5      165.6
  4         69    17     8       96.5      182.8
  5         69    15    13      967.9      192.2
  6         75     8    16      586.9      220.7
  7         54    12     8      517.3      230.5
  8         56    11    13      496.0      243.8
  9         59    12    10      696.2      242.9
 10         80    15     8     1574.8      246.8
 11         75    12    11      953.9      248.8
 12         66     8    13      743.9      265.1
 13        247    26    21     1475.6      285.1
 14      21585   371   702     1226.9      637.9
 15         88    19    10     1299.1      308.6
 16         54    18     6      557.1      312.3
 17         61     6    12     1310.4      334.5
 18         53    14    10      209.4      504.0
 19        175    23    14      284.7      822.5
 20        528    36    40     2297.0      928.0
 21       1303   116    93     2388.4     1008.8
 22        966    99    65     2685.9     1000.4
 23       2579   132   134     2303.0     1057.9
 24        325    38    24     2223.9     1002.3
 25        110    28    13     2581.5      995.8
 26      19847   630   797     1456.3     1495.1
 27        243    24    18     2191.4     1033.0
 28        131    29    15     2170.7     1053.7
 29      16455   394   760     1945.4     1474.2
 30        159    23    14     2431.5     1119.7
 31         71    11    11     2458.8     1133.4
 32        119    21    15     1732.8     1817.7
