Flake Detection Statistics
==========================

Technique: v055
V threshold: 0.55, S threshold: 0.15
Hue range: 15.0-80.0
Min area: 50px
Open radius: 2, Close radius: 4

Total flake area: 895643 px
Total image area: 19961856 px
Coverage: 4.49%
Detected components: 155

Area stats: min=50, max=812269, mean=5778.3, median=115.0

  #   Area(px)  Width Height    CenterX    CenterY
-------------------------------------------------------
  1         79     11     18     1313.6      146.2
  2        125     11     33     1350.5      232.3
  3        298     25     31     1417.3      357.3
  4     812269   1495   2941     2166.4     2205.1
  5        162     18     11      108.0      601.7
  6         53      9      8      483.3      838.4
  7        308     26     32     1487.8      997.3
  8       2237     68     89     1486.2     1058.3
  9        510     29     54      593.2     1044.2
 10         72     11     16      624.8     1031.2
 11         62      6     15     1792.3     1041.4
 12        409     30     35      619.3     1086.4
 13      10166     98    298     1470.8     1209.4
 14        115     12     18      661.9     1155.8
 15        116     16     20      710.4     1256.5
 16         74     10     18      722.4     1283.9
 17         85     10     16     1682.9     1294.4
 18         96     14     17     1696.0     1319.1
 19        107     10     21      759.8     1366.1
 20         55     12      9     1527.7     1381.9
 21        151     21     30      785.7     1421.1
 22         60     10     10     1543.4     1439.5
 23        143     16     18     1555.1     1464.3
 24         60     13     14     2020.3     1484.2
 25         82     11     17      845.5     1575.9
 26         55     10     15      857.9     1599.3
 27         60      8     15      863.5     1623.3
 28        164     14     23     1611.2     1637.4
 29        170     17     20      873.0     1644.7
 30         69     14     11     2110.2     1654.8
 31        106     11     23      905.5     1667.0
 32         83     16     20     1625.3     1683.4
 33        288     29     26     1638.8     1698.0
 34         74     14      9      891.3     1695.1
 35         55     15      7     2146.4     1705.1
 36        105     15     24      901.0     1717.3
 37         50      9     14      923.8     1715.4
 38        140     16     33      913.6     1752.3
 39         63      9     16      949.4     1780.4
 40         52     10      8      924.9     1779.5
 41         75     10     11      932.5     1811.9
 42        184     26     21     2198.8     1815.6
 43         57      8     11      952.7     1849.5
 44         60      8     13      981.3     1863.3
 45         55     16      8      959.9     1865.5
 46        116     13     22     2223.9     1872.8
 47         54      8     12      994.4     1895.6
 48         67     10     17     2247.5     1921.0
 49        126     15     31     1014.2     1941.1
 50        155     19     25      987.5     1940.3
 51        300     25     45     2274.9     1972.9
 52        374     30     53     1008.3     1987.0
 53         61     11      9     1748.7     1971.7
 54         52     12      6     1875.0     1995.5
 55        199     21     41     1046.9     2018.7
 56        144     18     19     2301.2     2015.7
 57         50     13      7     2047.4     2014.8
 58        445     31     57     1039.9     2059.1
 59        459     44     61     2328.1     2065.0
 60         80     17     15     2054.5     2059.2
 61         75     12     20     1068.6     2069.6
 62        290     22     39     1062.3     2110.8
 63        215     17     31     2365.1     2145.4
 64         70      9     14     1100.3     2141.3
 65         55     10      8     1079.1     2152.3
 66        407     33     50     1099.2     2197.1
 67         50      7     11     1114.3     2174.9
 68        539     25     51     2394.3     2197.3
 69         64     11     12     1976.2     2194.3
 70         67     10     15     1126.1     2201.4
 71        363     24     41     2422.4     2252.3
 72        868     53    113     1139.8     2292.1
 73         60     16      7     2043.0     2282.6
 74        183     19     20     2449.5     2307.0
 75         66     13     13     2073.1     2325.5
 76         84     14     11     2462.2     2327.6
 77         54     10     14     1182.5     2333.0
 78        189     19     26     2478.5     2363.1
 79        121     11     17     1172.5     2370.5
 80         55     17      6     2093.4     2371.7
 81        633     37     69     1198.5     2420.5
 82        217     23     16     2497.4     2391.9
 83        148     16     30     1223.1     2420.9
 84         56      8     11     2120.8     2411.2
 85        631     51    112     1261.9     2506.3
 86         53      7     11     1903.9     2454.9
 87       4151    136    361     1289.0     2646.3
 88         62     15     10     2545.5     2473.4
 89        117     17     31     1938.4     2527.6
 90        293     23     33     2576.9     2546.3
 91         59      8     12     2340.0     2557.9
 92         88     12     16     1959.2     2572.2
 93        433     29     40     2599.8     2590.8
 94        286     23     56     1313.5     2638.2
 95        124     17     30     2018.3     2698.1
 96        201     16     42     1337.5     2709.3
 97         68     11     10     2676.0     2731.7
 98        200     14     41     1355.8     2784.8
 99         52      8     12     2068.3     2804.8
100        103     28      7     1420.0     2817.0
101         51     15      5     1464.7     2819.0
102        202     49     10     1558.1     2825.5
103         93     20      8     1379.0     2831.4
104        384     77     12     1446.6     2835.1
105        103     17     15     1497.5     2838.0
106      18675    893    725     1934.6     3298.2
107         58      9     12     1602.8     2841.6
108         57     15      9     2731.1     2840.8
109        406     38     72     1637.5     2907.7
110         72     12     10     2772.9     2914.9
111        234     24     45     1669.8     2977.9
112        161     17     32     1692.5     3028.9
113        565     45    101     1729.2     3117.1
114        593     56     34     2282.3     3096.9
115         95     14     12     2836.5     3089.6
116        137     10     23     2284.0     3134.3
117         50      8     10     2233.8     3131.4
118        509     24     55     2342.9     3162.1
119        147     12     26     2367.7     3163.2
120        192     24     42     2258.5     3178.8
121        307     27     52     1763.8     3202.2
122        112     15     23     2279.7     3219.4
123        450     39     72     1796.5     3272.5
124         91     12     19     2293.1     3246.1
125       1534     78    134     2351.3     3311.0
126        122     14     25     2306.4     3271.1
127         70     15      7     2474.1     3285.8
128        164     18     32     2330.7     3316.8
129         79     10     13     1818.5     3318.2
130         66      9     12     1827.7     3335.4
131        148     15     22     1840.4     3359.5
132         60      9     13     2350.1     3354.9
133         57      9      9     2603.9     3366.7
134         96     14     10     2475.3     3372.6
135         53      7     15     2518.4     3378.3
136         85     17     11     2551.4     3377.7
137         56      9     13     2367.4     3389.2
138      19105    231    204     2635.4     3500.0
139         58     16      6     1933.1     3396.8
140        100     25      6     1964.3     3397.3
141        126     29      7     1998.7     3398.0
142        312     58      9     2049.6     3399.1
143        636    114     33     2147.9     3412.2
144        506     49     86     2395.7     3443.4
145        115     21     18     2709.9     3411.7
146         50      6     11     5114.2     3427.1
147       1774     78     65     2761.8     3457.6
148        301     50     24     2227.4     3444.1
149        252     36     41     2273.4     3478.6
150        362     51     17     2384.0     3502.6
151        111     21      9     2341.3     3502.7
152        312     28     31     2427.3     3526.7
153        663     43     26     2471.1     3550.3
154         85     15     19     2761.1     3565.4
155         50     11      8     2751.0     3582.6
