Flake Detection Statistics
==========================

Technique: v055
V>=0.55, S>=0.15, H=15.0-80.0
Min area: 50px, open=2, close=4

Total flake area: 200350 px
Image area: 4990464 px
Coverage: 4.01%
Detected: 48 flakes

Areas: min=50, max=121815, mean=4174.0, median=115.5

  #       Area     W     H    CenterX    CenterY
--------------------------------------------------
  1        284    22    19      756.9        7.0
  2        321    48    10      810.7        3.0
  3       4230   170    89      870.0       45.7
  4         72    11    10     2132.3        3.7
  5        485    53    55     2184.0       26.5
  6        197    26    22     2100.8       28.7
  7         85     9    15     2075.0       53.4
  8         78    10    11      656.8       53.1
  9         65    11     8     1072.0       53.6
 10        156    37    11     2120.0       65.0
 11        354    28    26     1017.8       77.7
 12         89    10    12     1388.0       91.6
 13       7477   308   205     1429.3      189.9
 14        385    35    23     1043.4      120.6
 15         96    10    12     1110.3      120.4
 16         63     8     9     1175.5      164.9
 17         70    10     9     1226.3      168.8
 18        134    18    16      824.0      183.2
 19         58    12    10      997.6      278.6
 20       1356    59    40      649.4      330.4
 21     121815  1530  1397     1162.8     1227.3
 22      15361   540   603     1365.6      689.9
 23         56     9     8     1349.4      515.1
 24         92    16    10     1399.5      522.4
 25         72    10    11     1636.5      599.8
 26       2394    52    99     1553.7      808.5
 27         60    12     8     1529.3      753.5
 28       1611    76    62     1628.3      783.6
 29         74    16     6     1511.5      804.7
 30         83    11    12     1639.4      839.5
 31         52     8     8      587.7      843.3
 32        172    16    18     1709.5      884.2
 33         63    12     9      185.8      883.6
 34         97    16     8     1479.4      905.4
 35         75     9    14     1911.3     1033.5
 36         50     8     8     2048.8     1075.4
 37      11966   230   213      799.6     1180.6
 38         53     7     9     1845.9     1107.9
 39         92     7    16      756.4     1175.2
 40       1876    57    51     1447.9     1217.5
 41         53    10     9     1608.5     1213.2
 42         59     8    12     2451.7     1334.1
 43      22445   374   390     1668.4     1595.6
 44        539    35    27      580.7     1486.6
 45        821    41    30      769.9     1498.6
 46        145    22    11     2196.7     1593.2
 47       1061    45    36      789.3     1721.8
 48       3058    70    58      740.1     1797.3
