Flake Detection Statistics
==========================

Technique: v070
V threshold: 0.7, S threshold: 0.2
Hue range: 20.0-70.0
Min area: 50px
Open radius: 2, Close radius: 4

Total flake area: 879352 px
Total image area: 19961856 px
Coverage: 4.41%
Detected components: 70

Area stats: min=50, max=771500, mean=12562.2, median=108.0

  #   Area(px)  Width Height    CenterX    CenterY
-------------------------------------------------------
  1       8286    131    113     3006.2      213.7
  2        742     98     34     3494.7      220.8
  3         65      8     13     3091.1      229.8
  4        260     14     36     3445.5      261.6
  5        192     27     28     3465.2      336.6
  6        184     25     21     3421.3      338.7
  7         83      9     15     3485.0      375.0
  8         50      8      9     3341.6      382.0
  9        223     13     24     3641.0      409.2
 10         98      9     17     3482.2      420.2
 11         69      6     15     3484.4      458.9
 12     771500    811   1536     2469.2     1165.9
 13        155     12     22     3621.6      631.6
 14        172     24     23     2880.5      632.7
 15         66      8     14     2217.2      682.5
 16         65     11      8     2119.8      810.4
 17        109     18     10     3728.7      935.2
 18         97     21     13     2081.1     1135.0
 19         51      6     11     2087.7     1211.0
 20         66     10     10     3972.3     1351.4
 21         56      9     15     3985.9     1377.7
 22         76     10     10     2121.7     1387.4
 23        164     21     37     3973.9     1473.4
 24         51     10      8     3908.3     1560.5
 25        136     31     17     3843.9     1597.2
 26        132     17     15     3828.4     1623.2
 27         52      9     10     3818.1     1660.7
 28        120     15     16     3804.9     1710.2
 29        177     24     20     2529.9     1798.5
 30         58     11      9     2598.3     1807.8
 31        100     21     15     2246.8     1812.0
 32        136     19     12     2539.8     1820.2
 33        107     15     19     3734.9     1827.5
 34         66     16      9     2307.5     1841.2
 35         53     13     12     2862.9     1841.8
 36         55      7     16     3014.1     1844.0
 37        150     30     20     2767.4     1862.0
 38         70     17      7     2422.3     1864.6
 39        136     21     19     2515.9     1886.2
 40         50     12      7     3683.3     1890.0
 41         62     17     11     2601.6     1895.7
 42        213     25     18     2461.4     1934.2
 43        146     27     17     3599.6     1938.2
 44      87980    965    436     2601.8     2228.4
 45        816     69     51     2607.8     2084.4
 46         90     10     13     3193.4     2064.1
 47        899     78     34     2677.1     2081.0
 48        160     21     19     2733.5     2104.3
 49         56     11     14     2613.7     2111.6
 50        182     17     24     2521.1     2119.2
 51        135     15     20     2655.4     2123.0
 52        512     39     27     2602.1     2138.3
 53        184     24     19     2636.8     2133.3
 54       1042     65     65     2729.5     2155.7
 55         53     17      7     2505.6     2137.8
 56         92     17     12     2683.0     2145.5
 57        590     67     35     2541.0     2157.1
 58         86     16     14     2641.1     2159.2
 59        160     23     25     2679.0     2165.3
 60         64     17      9     2617.5     2161.9
 61         85     10     15     2595.5     2175.7
 62        158     18     15     2635.9     2179.0
 63         64     15     13     2611.8     2191.4
 64         55      8     11     2502.5     2191.0
 65         57     15      8     2565.5     2196.5
 66         52      7     10     2658.6     2198.0
 67        128     19     21     2689.9     2200.0
 68         51     14     11     2516.6     2200.0
 69        210     14     20     3340.2     2223.0
 70        492     40     54     5268.4     2603.6
