Flake Detection Statistics
==========================

Technique: v070
V threshold: 0.7, S threshold: 0.2
Hue range: 20.0-70.0
Min area: 50px
Open radius: 2, Close radius: 4

Total flake area: 198326 px
Total image area: 19961856 px
Coverage: 0.99%
Detected components: 87

Area stats: min=50, max=140387, mean=2279.6, median=199.0

  #   Area(px)  Width Height    CenterX    CenterY
-------------------------------------------------------
  1        153     18     16     1407.2      605.7
  2        859     93     18     1469.2      616.2
  3        386     63     24     1585.1      618.9
  4        112     20      8     1532.5      631.6
  5        963    124     50     1694.2      657.0
  6        929     80    118     1335.5      694.8
  7        186     28     13     1783.8      682.0
  8        187     32     17     1823.2      698.2
  9        140     35     13     1857.6      711.1
 10        247     43     19     2002.2      752.7
 11       1296     71    106     1261.5      803.1
 12         85     21      9     1936.1      756.5
 13        246     40     15     2069.2      774.5
 14         55     12      7     1980.1      773.3
 15        121     15     15     2163.2      802.2
 16        166     51     16     2110.5      811.1
 17         82     19      6     2184.1      813.3
 18        156     26     18     2267.0      833.6
 19        379     58     25     2223.5      857.3
 20         86     15      9     2325.3      862.9
 21        258     22     23     1215.8      872.1
 22        108     25      6     2276.3      874.5
 23        200     26     14     2372.0      878.3
 24         51     11      8     2298.4      877.7
 25         51     14      9     2322.2      883.2
 26        191     13     22     1197.4      898.3
 27        203     24     19     2451.6      900.2
 28        123     18     15     2492.1      911.4
 29        367     55     24     2423.6      920.2
 30       1331     79    104     1152.4      964.6
 31        255     41     23     2547.3      932.3
 32        502     52     24     2616.8      958.6
 33         87     18      8     2548.7      958.5
 34        615     70     40     2702.7      987.7
 35        142     27     16     2701.8     1014.1
 36        107     18      9     2761.9     1011.3
 37       1856    198     83     2879.6     1057.5
 38        350     68     24     2773.8     1042.6
 39        177     32     19     2824.5     1063.3
 40       3194    104    118     1127.2     1144.5
 41       1509    160     64     3056.1     1122.9
 42        117     26     14     2931.0     1113.8
 43        238     49     23     3005.3     1134.4
 44         63     12     11     3062.5     1154.3
 45        689     81     26     3185.7     1171.7
 46        538    103     42     3122.9     1180.3
 47        199     29     13     3247.5     1187.9
 48        132     28     21     3285.3     1202.3
 49       3960    311     79     1321.3     1232.3
 50        411     79     22     3237.1     1212.0
 51         67      8     12     3312.0     1226.8
 52        109     11     25     3318.5     1250.0
 53        455     23     67     3302.5     1299.6
 54        207     35     20     1544.2     1276.7
 55        165     30     16     1494.2     1283.0
 56         73     19      8     1521.9     1299.3
 57         87     10     14     1541.1     1310.1
 58       2339    242    190     1669.3     1396.8
 59       6356    384    309     3130.6     1514.9
 60        599     45     36     1730.4     1393.7
 61        199     28     33     1746.0     1429.3
 62        218     46     45     1786.5     1476.4
 63         69     22     17     1854.7     1513.3
 64        229     37     23     1812.8     1521.6
 65        354     36     31     1852.4     1543.8
 66         50      9      9     2371.0     1553.0
 67        188     36      9     2403.1     1566.6
 68       1798    166     45     1959.5     1594.4
 69         56     13      6     1983.5     1579.8
 70         87     24      6     2027.1     1580.3
 71         53     15      7     2066.4     1581.8
 72       4997    480     44     2691.3     1614.6
 73       4531     64    142     2088.4     1712.4
 74       6655    104    133     2399.7     1711.1
 75        604     59     66     2151.5     1692.6
 76     140387    572    566     2578.4     1977.7
 77        387     65     47     2277.5     1694.3
 78        180     38     13     2217.6     1715.7
 79       1204     44     70     2275.5     1762.5
 80         53     11      7     2201.1     1737.5
 81         72     14      9     2837.1     1779.2
 82        301     39     40     2387.9     1813.0
 83         90     14     12     2278.2     2053.3
 84         52      8     11     2271.4     2089.3
 85         73     12     13     4709.1     3331.7
 86         59     10      9     4675.3     3380.4
 87         65     17      6     4288.4     3419.2
