Flake Detection Statistics
==========================

Technique: v055
V threshold: 0.55, S threshold: 0.15
Hue range: 15.0-80.0
Min area: 50px
Open radius: 2, Close radius: 4

Total flake area: 1373784 px
Total image area: 19961856 px
Coverage: 6.88%
Detected components: 112

Area stats: min=50, max=893782, mean=12265.9, median=114.0

  #   Area(px)  Width Height    CenterX    CenterY
-------------------------------------------------------
  1      26373    608    669     3527.1      258.8
  2        170     35     21      161.8      176.8
  3        105     12     16     3924.2      186.7
  4         57      7     12      194.0      195.4
  5       2096     53    118      201.0      254.3
  6        164     15     23      124.7      210.1
  7        457     16     55      149.1      256.0
  8        133     15     23     3935.8      240.8
  9      23620    402    890     3770.4      664.2
 10       1720     90    219     3837.0      367.3
 11        212     34     27     4079.7      307.7
 12         79     10     19      121.3      304.8
 13         69      8     14     4051.0      302.3
 14      43280    376    880     3874.7      808.2
 15         89      8     15      133.2      315.7
 16     315409   2554   3150     3413.9     2381.0
 17     893782   2149   2441     2266.2     2016.9
 18         67     13     14     3297.7      573.6
 19         67     12      9     3201.3      600.9
 20         67      8     17     3274.1      632.0
 21         63      9     11     3269.3      680.6
 22         57      9      9     3252.1      714.3
 23        184     17     25     3218.7      736.0
 24         55     11      7     3122.1      754.1
 25        130     20     21     3183.9      763.7
 26        137     17     16     3230.9      766.2
 27         54     13      7     3262.0      785.2
 28       6032    113    501     3253.1     1029.2
 29        430     30     37     3223.7      819.9
 30        100     22      9     3196.3      823.3
 31         90     18     13     3252.5      824.8
 32         68     16     10     3173.8      840.6
 33        605     65     27     3195.6      861.9
 34        110     17     16     3230.8      858.6
 35         95     15     10     3191.7      881.8
 36        200     29     26     3206.5      894.3
 37        135     21     19     3208.3      943.9
 38      10449    146    205     3155.4     1078.5
 39        267     21     23     3710.3      984.2
 40        143     11     24     3700.9     1015.8
 41        436     53     26     3555.6     1036.5
 42        114     12     20     3695.9     1045.6
 43         52     10      8     3690.6     1077.1
 44        210     33     15     3635.0     1162.2
 45        495     60     19     3083.0     1177.7
 46        100     25      9     3139.5     1174.8
 47       5623    120     90     3843.0     1235.3
 48        596     38     54     3130.6     1219.3
 49         51     10      8     3087.0     1202.0
 50        109     16     15     3048.6     1208.9
 51         64      9     15     3103.9     1210.6
 52         77      9     11     3010.3     1210.2
 53        181     15     20     2792.9     1218.0
 54         53      6     11     2782.5     1250.9
 55       5466    119    534     3144.3     1557.2
 56        175     22     21     3968.2     1403.4
 57        290     20     19     3838.2     1412.0
 58         92      9     23     3523.2     1505.9
 59        181     12     41     3511.7     1558.9
 60        198     13     35     3502.9     1598.5
 61        126     10     28     3483.5     1686.7
 62        167     14     20     3316.4     1702.8
 63         96     12     13     2656.1     1755.2
 64       1131     39    123     3057.6     1946.5
 65         63     10     11     2270.4     1943.7
 66         51      9     10     2202.9     1971.4
 67        818     39     39     3928.7     2010.4
 68       4184    153    420     2966.8     2227.2
 69        103     12     14     3965.0     2035.3
 70        133     19     10     2557.1     2039.3
 71        114     19     18     1959.6     2104.5
 72         56      6     14     3514.8     2111.9
 73         80     10     16     1838.8     2128.5
 74         84     27      9     1743.6     2141.5
 75         67      8     11     1865.6     2149.2
 76         87      7     17     3507.8     2163.6
 77        631     40     26     3312.0     2174.4
 78         74     12     15     1735.8     2183.8
 79        549     45     39     2664.8     2213.9
 80         89     16     15     1705.2     2204.5
 81        201     13     38     3378.9     2259.7
 82         92     10     17     3495.1     2254.6
 83         50     14     10     1470.1     2279.4
 84        109     14     15     2726.1     2284.7
 85         67     16      9     1464.3     2309.4
 86        131     17     20     2753.3     2321.6
 87        101      8     21     3487.2     2346.1
 88        152     10     20     3486.5     2374.2
 89         70     13      9     3487.7     2395.1
 90         96     17     15      838.6     2418.2
 91         69     17      6     1122.9     2454.5
 92         82     11     11     3485.4     2457.6
 93        124     13     25     2878.7     2470.2
 94       8175    370    427     1999.3     2742.6
 95         72     11     13     2858.2     2521.8
 96        891     29     84     3326.8     2568.7
 97        335     26     54     2824.4     2588.1
 98        160     13     22     1270.8     2664.4
 99         97     12     11     1319.8     2686.9
100       7244    702    315     2384.4     2859.3
101         63     12      9     1354.2     2722.4
102        124     18     15     1465.1     2825.2
103         71     10     16     1433.2     2828.6
104         64      8     13     4124.1     2864.6
105         63     17     12     4197.7     2868.7
106         56      8      9     1553.5     2919.2
107        313     34     20     1828.5     2925.7
108        182     27     15     1817.3     2949.1
109         52      6     10     1644.5     2997.5
110         86     15     12     2832.4     3194.8
111       3651    220     31     3465.0     3637.7
112         55     16      9     2868.8     3642.4
