Flake Detection Statistics
==========================

Technique: v070
V threshold: 0.7, S threshold: 0.2
Hue range: 20.0-70.0
Min area: 50px
Open radius: 2, Close radius: 4

Total flake area: 1328205 px
Total image area: 19961856 px
Coverage: 6.65%
Detected components: 98

Area stats: min=50, max=869630, mean=13553.1, median=128.0

  #   Area(px)  Width Height    CenterX    CenterY
-------------------------------------------------------
  1      24001    603    669     3515.3      265.7
  2        582     45     30     3886.8      160.1
  3        100     12     16     3924.0      186.7
  4         57      7     12      194.0      195.4
  5       1573     46    112      201.1      249.0
  6         52      9      8      121.8      213.1
  7        457     16     55      149.1      256.0
  8         71     10      9     3933.5      237.3
  9      14290    212    646     3813.4      556.2
 10       1717     90    219     3836.9      367.4
 11         62      8     13     4051.1      302.8
 12         50     15      6     4070.5      298.7
 13      41319    375    880     3874.7      811.1
 14         66      6     14      132.5      316.4
 15     304283   2550   3150     3411.6     2382.0
 16       7172    270    662     3681.0      870.0
 17     869630   2132   2418     2269.5     2019.2
 18         67     13     14     3297.7      573.6
 19         61     12      8     3201.4      600.8
 20         56      9      9     3252.1      714.2
 21        184     17     25     3218.7      736.0
 22        130     20     21     3183.9      763.7
 23        133     17     16     3230.9      766.0
 24         54     13      7     3262.0      785.2
 25       6002    113    501     3253.2     1028.9
 26        399     30     37     3223.4      819.4
 27         52     15      9     3134.3      819.8
 28         89     22      9     3196.0      823.3
 29         68     16     10     3173.8      840.6
 30        605     65     27     3195.6      861.9
 31         68     11      9     3228.5      857.0
 32         95     15     10     3191.7      881.8
 33         50     13     10     3212.9      885.7
 34         71     12     13     3199.2      900.0
 35        131     13     23     3723.8      907.6
 36        309     14     45     3715.9      946.8
 37        119     20     17     3207.8      944.3
 38       9554    146    202     3152.0     1080.7
 39        145     14     18     3707.3      986.7
 40         83      9     15     3700.1     1018.3
 41        431     53     26     3555.4     1036.5
 42         68     12     14     3695.6     1046.5
 43        210     33     15     3635.0     1162.2
 44        493     60     19     3083.1     1177.7
 45         72     18      6     3136.7     1175.4
 46       5623    120     90     3843.0     1235.3
 47        578     36     54     3130.1     1218.6
 48         51     10      8     3087.0     1202.0
 49        109     16     15     3048.6     1208.9
 50         64      9     15     3103.9     1210.6
 51         77      9     11     3010.3     1210.2
 52       5398    119    534     3144.3     1557.4
 53         59     10     14     2709.2     1369.1
 54        170     22     21     3968.3     1403.4
 55        290     20     19     3838.2     1412.0
 56        101     10     16     3616.8     1465.0
 57         92      9     23     3523.2     1505.9
 58        179     12     41     3511.7     1558.8
 59        191     13     35     3502.9     1598.2
 60        126     10     28     3483.5     1686.7
 61        167     14     20     3316.4     1702.8
 62         96     12     13     2656.1     1755.2
 63       1120     39    122     3057.6     1946.8
 64         84     14     12     2253.5     1957.1
 65        815     39     39     3928.8     2010.4
 66       4083    153    420     2967.1     2226.6
 67        103     12     14     3965.0     2035.3
 68        133     19     10     2557.1     2039.3
 69         79     28      8     2064.7     2098.6
 70         50      5     14     3515.0     2111.5
 71         55      8     10     1865.6     2148.4
 72         79      7     17     3508.0     2163.9
 73        631     40     26     3312.0     2174.4
 74        549     45     39     2664.8     2213.9
 75        194     13     37     3379.0     2259.1
 76        109     14     15     2726.1     2284.7
 77        131     17     20     2753.3     2321.6
 78        139     10     19     3486.2     2373.7
 79         88     12     12     1225.1     2405.1
 80         62      8     10     3484.3     2457.7
 81        101     11     21     2879.6     2468.3
 82       8175    370    427     1999.3     2742.6
 83        101     17     14     1129.5     2485.0
 84         64     10     13     2858.6     2521.7
 85        821     29     83     3326.8     2569.7
 86        189     18     31     2829.1     2577.0
 87         53      6     13     1204.5     2584.0
 88        104     10     17     2816.8     2607.3
 89         61     12      8     1319.4     2686.4
 90       7001    702    314     2384.7     2859.3
 91         74     18      8     1464.3     2827.4
 92        257     34     16     1827.3     2924.6
 93        152     27     14     1816.0     2949.2
 94         98     15     15     1707.1     2950.7
 95        141     22     15     1623.8     2960.5
 96        102     22      8     1654.4     2982.5
 97        195     24     15     2878.0     3176.0
 98       3360    193     29     3467.6     3637.9
