Flake Detection Statistics
==========================

Technique: v070
V threshold: 0.7, S threshold: 0.2
Hue range: 20.0-70.0
Min area: 50px
Open radius: 2, Close radius: 4

Total flake area: 121300 px
Total image area: 19961856 px
Coverage: 0.61%
Detected components: 24

Area stats: min=50, max=104891, mean=5054.2, median=212.0

  #   Area(px)  Width Height    CenterX    CenterY
-------------------------------------------------------
  1     104891    424    867     2632.9     1599.2
  2         51      8     14     2880.6     1137.6
  3        105     16     13     2876.0     1158.2
  4        117     15     19     2876.1     1183.1
  5        186     16     19     2875.2     1205.1
  6        255     20     25     2875.4     1231.0
  7         93     23     10     2632.2     1234.8
  8        121     15     15     2875.4     1259.2
  9       1071     31     97     2876.3     1335.9
 10        238     19     35     2880.0     1406.8
 11       1735     37    167     2887.5     1502.7
 12        312     58     17     2860.4     1634.9
 13       3063    119    117     2610.1     1919.4
 14        818     65     61     2473.2     2001.0
 15       2019     70    195     2509.5     2115.2
 16        398     29     50     2421.8     2052.8
 17        105      9     23     2445.1     2050.7
 18         54      6     12     2476.2     2055.6
 19       1063     54    136     2398.8     2139.9
 20         68     10     10     2396.5     2083.9
 21         50      9     14     2380.2     2105.4
 22       4324    219    212     2445.2     2274.8
 23         76     15     18     2521.1     2195.1
 24         87      8     18     2376.4     2230.5
