Flake Detection Statistics
==========================

Technique: v070
V threshold: 0.7, S threshold: 0.2
Hue range: 20.0-70.0
Min area: 50px
Open radius: 2, Close radius: 4

Total flake area: 126366 px
Total image area: 19961856 px
Coverage: 0.63%
Detected components: 71

Area stats: min=50, max=114314, mean=1779.8, median=105.0

  #   Area(px)  Width Height    CenterX    CenterY
-------------------------------------------------------
  1         61     18      6     4169.7     1172.6
  2         96     25      7     4244.7     1179.2
  3         55     16      6     4293.5     1184.7
  4        154     44     11     4371.9     1192.5
  5         64     15      6     4418.2     1198.2
  6        157     36      8     4472.8     1205.4
  7         77     22      7     4512.5     1209.7
  8        268     50     13     5220.5     1217.2
  9         77     23     10     4596.1     1219.3
 10        139     38      9     4709.6     1233.3
 11        344     67     17     5044.1     1237.5
 12         57     17      6     4784.3     1241.6
 13         81     13     11     4962.9     1246.0
 14        122     34     11     5105.0     1248.0
 15         56     16      8     4396.6     1711.5
 16        106     10     25     4446.6     1722.0
 17        125     18     33     4427.3     1770.6
 18         57      7     12     4408.2     1809.5
 19         86     17     10     4100.2     1860.9
 20        293     29     61     4336.6     1962.3
 21         71     10     14     4315.8     2006.6
 22        797     50     46     3453.1     2039.7
 23         50      7     10     3906.0     2029.3
 24         51     13     10     3293.5     2062.3
 25        173     24     14     3437.1     2070.9
 26         94     12     20     3860.6     2086.6
 27        157     21     15     3879.1     2104.4
 28        399     23     48     3245.1     2133.2
 29         70     13      9     2219.1     2155.0
 30        119     15     28     4208.3     2165.9
 31         58     10     11     4166.9     2240.2
 32        163     22     31     4130.5     2294.5
 33        122     14     15     3110.1     2301.5
 34        679     87     95     4068.0     2370.4
 35     114314    311    659     3063.2     2797.9
 36        294     25     26     4000.4     2495.6
 37         76     24      5     3588.3     2515.0
 38         65     17      6     3659.4     2514.7
 39         55     15      6     3686.8     2514.3
 40         94     25      6     3740.8     2514.5
 41        166     30      9     3775.7     2515.9
 42         88     20      6     3491.6     2516.6
 43         63     11     13     3337.0     2543.9
 44        105     13     13     2218.4     2570.7
 45        131     17     26     2247.5     2585.9
 46         51      8      9     3358.5     2594.3
 47         50     10     10     3427.5     2693.5
 48        142      8     30     3469.9     2770.5
 49        103     32     11     3381.7     2835.3
 50         56      9     12     3599.7     3004.5
 51        111     18     17     2955.6     3017.8
 52        220     32     27     3536.3     3023.8
 53         64     12     14     3569.5     3046.9
 54         80      8     16     3514.6     3050.6
 55       2468    132    158     3442.0     3139.2
 56         53      9     10     3528.2     3106.8
 57        150     25     31     3457.1     3205.4
 58        399     21     41     2914.0     3219.5
 59        118     15     20     2937.6     3211.2
 60        227     22     30     3371.5     3235.8
 61         58      9     11     3431.1     3238.8
 62         57     13      8     2939.3     3242.7
 63        133     15     21     3343.3     3254.9
 64        118     17     23     3413.3     3262.1
 65        161     26     33     3375.2     3313.5
 66        146     18     24     3340.5     3359.5
 67         52     11     11     3325.6     3378.3
 68         71     13     16     3286.1     3431.9
 69         55      9     11     3265.0     3460.9
 70        172     20     35     3246.2     3494.6
 71        122     17     28     3227.2     3529.9
