Flake Detection Statistics
==========================

Technique: v070
V>=0.7, S>=0.2, H=20.0-70.0
Min area: 50px, open=2, close=4

Total flake area: 434483 px
Image area: 19961856 px
Coverage: 2.18%
Detected: 538 flakes

Areas: min=50, max=186718, mean=807.6, median=73.0

  #       Area     W     H    CenterX    CenterY
--------------------------------------------------
  1       1517   122    36     1717.3       16.4
  2      19456   521   499     1784.7      252.6
  3      23013  1081   567     2526.3      368.4
  4       3243    90    66     1468.6       90.2
  5       3116   108    63     1798.8      132.8
  6        656    30    33     1548.0      168.2
  7         58     8    15      857.0      279.1
  8         55    14     6      838.3      279.8
  9        143    10    22     1641.1      304.2
 10         60    14    14     1030.8      328.0
 11         99    15    10     1559.6      344.0
 12         81    15    15     1198.3      355.0
 13         78    12    11      838.9      357.4
 14         61     8    14     1219.6      359.7
 15         76     8    13      788.6      361.7
 16         70    14     8     1128.6      357.5
 17         57    15     7     1415.1      374.0
 18        111    11    18     1321.3      380.7
 19         65    10    10     1102.2      378.8
 20         68    15     8     1141.9      378.0
 21         94    11    15     1249.7      387.3
 22         86    12    11     1078.2      393.6
 23         85     7    16      778.8      400.2
 24         71     9    14     3034.5      401.3
 25        103    14    11      982.6      405.0
 26         80    12    11      438.4      407.9
 27         72     9    13      931.6      408.6
 28        198    24    24     1331.5      412.4
 29         50     7    10      818.5      408.4
 30         52    16     8      847.5      412.5
 31        231    17    30      705.9      433.0
 32         60    10     8      996.0      425.0
 33         71     6    17      586.4      439.0
 34        110    14    20     1270.9      443.3
 35         51     8     9     1337.3      439.0
 36         57     8    10     2885.5      451.5
 37        169    14    18     1223.4      470.3
 38      17924   242   171     4766.7      559.3
 39         70    10    15     1007.6      478.6
 40        129    22    10      665.8      490.2
 41         81    10    12      954.6      494.7
 42        495    64    30     1888.9      509.3
 43         85     8    13      915.7      501.6
 44         99    12    13     1255.8      502.1
 45         66    14     7      390.6      501.1
 46         58    12     7      889.9      501.6
 47         59     7    15      841.1      510.7
 48         56     9     9      550.1      518.1
 49         81    16    12      953.4      519.0
 50         50    10     7      858.8      522.2
 51        244    26    33     1358.6      538.3
 52         90    16     7     1159.4      534.0
 53         62    11    10     1223.6      535.8
 54        142    14    23     1444.2      540.8
 55        163    24    22     1311.7      541.5
 56         53    12    10     1537.5      539.0
 57         55    13     8      871.4      540.8
 58        100    13    17      840.6      549.2
 59        159    14    23      614.0      554.2
 60         82    18    12     1162.0      550.5
 61         89    14    16     3223.6      553.0
 62         50    10    14     4649.3      551.6
 63        124    21    11      941.1      556.3
 64         90     8    17     1543.8      559.7
 65        151    20    12     1793.6      556.0
 66         83    17    15     1052.6      566.6
 67        139    10    27     1189.0      576.1
 68         77    14    12     2775.8      577.2
 69         94    20    13     2876.6      581.3
 70         66     9    10     2117.6      582.0
 71        112    16    14     3013.7      582.2
 72         55    13    13      575.8      583.6
 73         53     8    10      823.4      583.3
 74        135    17    16     1292.1      586.9
 75         65     8    12      889.8      585.7
 76         51    11     8      801.8      586.5
 77        127    13    18     1396.4      592.5
 78        274    24    23     1459.6      598.2
 79         56     6    12     1334.5      592.5
 80        100    16    15      733.0      596.5
 81         73    10    17      852.3      598.5
 82         69    12     9      785.0      595.9
 83        111    12    28      680.8      606.0
 84         94    15    12     1127.7      600.8
 85         97    16     8     2231.0      597.7
 86         97    15    11     1016.4      604.2
 87        282    30    25     1307.9      614.0
 88        601    73    31     1600.2      622.5
 89        134    20    11     1689.7      610.2
 90         83    12    13      758.1      613.9
 91         60     6    12      628.4      614.5
 92        111    11    13     1222.4      616.2
 93         71    10    10      474.3      617.6
 94        154    16    24     2025.0      624.8
 95        315    42    30      863.4      636.1
 96        228    25    19      817.5      631.6
 97         67     8    12     1557.1      631.3
 98         60     9    10       89.9      633.2
 99         73     7    15     2098.9      637.8
100        117    24    11     1177.4      643.0
101        117    16    17     1965.1      646.4
102        111    10    17      539.5      647.4
103        133    16    13      840.0      645.8
104         55    10     9     1110.3      645.0
105         64    15     8     1286.9      648.6
106        261    37    26     1452.9      657.2
107         51     9     8      902.1      650.4
108         73    13    16     1007.1      653.5
109         60    10     9     2516.0      649.8
110         71    19     7     1994.9      657.8
111        125    31    13      551.1      661.8
112         74    12    10     1557.1      661.5
113         73    10    12     3524.0      662.1
114         53    11     7     2135.6      661.2
115         67    14    14     2225.4      665.4
116         78    10    12     1252.9      665.4
117         67    10     9       76.3      666.3
118         78    13    17      200.8      669.9
119         75    10    11      472.1      666.4
120         60     8    10     1511.4      666.4
121         52     6    10     2058.5      667.5
122         54    17     8     1082.9      669.5
123        154    20    19      974.0      676.8
124        243    32    23     1374.3      682.3
125         51     7    10     1606.9      676.9
126         88    13    13     2039.9      679.0
127         70    13     8     1497.1      677.3
128         83    10    12     1061.2      682.1
129        112    24    16     1215.4      691.5
130        148    19    16     1932.8      688.7
131         51    10     8      987.0      690.3
132         73    13     9     1097.7      693.9
133         68    16     9     1488.6      695.3
134        118     8    24     1831.7      700.1
135         81    14    15     1045.9      699.2
136         52     9    10     1435.3      701.4
137         91    16     8     1463.7      699.2
138        163    20    14      999.9      708.7
139        149    21    27     1292.0      714.1
140         92     8    16     1379.0      710.9
141        241    26    18      815.2      714.0
142         85    15    13     1060.0      710.4
143         53     9     9     1114.7      709.8
144         69     7    13     1353.8      712.7
145         66    16    12     2527.0      714.5
146         50    10     8     3130.7      711.5
147         69    11     9     1334.2      714.7
148         73    13     9     1911.1      715.5
149         53     9     9     3556.8      715.0
150        196    23    24     2494.3      726.7
151         98    10    15      614.4      725.0
152         61    15     6     1260.4      724.6
153         65    10    10      906.3      728.7
154         50     7    10     1585.6      728.2
155         83    15    13     1888.9      731.0
156        146    15    21      712.4      737.2
157         63    10    10     2548.3      730.5
158         50     7    12     2697.9      736.5
159        112    10    15     1739.1      740.1
160         78     8    15     1541.9      744.2
161         60    13     7      343.2      741.4
162         77    12     9     1369.5      742.8
163        130    25     9      928.7      747.6
164         64    14    12     1180.4      760.3
165         53    16     9      872.3      761.9
166         73    15    10     3064.4      762.0
167         72    11    14      617.9      767.3
168         83     8    16     1883.6      768.1
169         72     7    14     1316.0      769.8
170        104    17    10      721.9      778.0
171         75     9    15      825.5      782.1
172        198    18    26     2775.3      785.8
173         56    11     6      520.0      778.4
174        126    13    19     1428.7      787.7
175         55    15     7     1746.4      778.9
176         53     8     9     3467.5      779.9
177         71    13     8     1208.0      786.4
178        100    13    13     1277.5      789.5
179         70     8    11      571.2      790.9
180         60    14     6     1320.4      788.5
181         69    12     8     2091.6      790.4
182         77    11     8      984.1      791.5
183         70     7    16      547.1      798.0
184         60    12     9      865.4      794.1
185         53    10     8     2457.5      793.7
186         99    18    18     1534.4      806.9
187        159    16    19     1240.3      807.5
188         74    13    16     2232.5      808.2
189        121    14    15     3203.2      807.5
190         72    10     9      950.9      807.4
191         56     9     9     1625.4      806.3
192         91    15    13      441.6      811.5
193         93    11    17     1339.7      812.8
194         53     8    10     1577.6      811.3
195         66    10    15     2774.9      812.6
196         72     8    15      503.6      820.7
197         61     9     9     2121.8      817.5
198        116    22    18      827.8      822.2
199         61    18     9     2067.3      817.8
200         75     7    18       26.9      833.4
201         70    15     8     3074.2      827.1
202        158    24    19     1827.2      839.5
203         69    13    14      169.1      839.0
204         67    12    12     1141.7      838.5
205         76    16     7     2519.5      836.3
206         65    13    11      265.3      838.8
207        109    19    11      854.6      839.5
208         59     7    11      905.3      839.9
209        196    15    23     1975.3      846.2
210         75     8    12     2953.6      841.6
211         62     8    11      959.4      843.1
212         64    12     8     1469.2      842.8
213         51     8     9     1703.6      842.0
214         59     8    17      837.7      848.6
215        241    32    18     2494.0      849.9
216        135    16    18     1129.1      850.7
217         55    14     8     1750.8      847.6
218         62     8    11     2584.1      853.4
219         84     9    15     2183.0      859.4
220         52     7    11     2341.9      857.7
221         64    11    11     2376.5      859.2
222         62    10    14     1976.5      868.7
223         58     6    11      386.6      869.0
224        136    26    10      594.3      869.8
225         87    14    14     1368.7      871.6
226        101     8    15     2275.5      870.9
227         63    10     9     2307.9      869.3
228        136    24    12     2364.6      870.1
229         70    18     7      658.5      872.0
230         57    10     8      963.8      872.0
231         86    19    10     1408.8      875.6
232         52    11     7     3430.3      874.5
233         88    10    14      856.1      886.5
234        110    20    11     1245.7      886.0
235         80    12     9     1523.8      884.0
236         69    14     9     3206.8      883.7
237        103    14    11     1064.0      886.1
238         65     7    13     1114.7      892.1
239         52     7    11     2121.9      891.9
240         71    11     8     2712.6      891.7
241         77    13    10      935.3      898.5
242         71    10    17     1463.1      903.2
243         60    13     9       26.7      899.8
244         86    19    13      482.4      903.1
245         75    18    10     1067.5      901.2
246         78    18     9     3045.3      904.5
247        107    17    10      798.6      905.6
248         63    14     8     2504.3      906.7
249         52     8    10      293.7      908.5
250        132    13    21     1911.4      912.6
251         59    10     9     2232.4      908.0
252         68    13     8     2280.2      908.9
253         57    12     7     1097.5      908.6
254         57     6    12     2756.6      918.4
255        119    18    12     2486.3      919.4
256         87    17    12     3118.1      919.3
257         55    10    11      628.4      922.0
258         60     9    10     1572.2      920.5
259         56     6    11     2378.4      922.2
260         50    13    11     2121.1      929.3
261        146     8    29     1171.8      942.0
262         71    12    11     1431.2      931.9
263         90     8    14      471.6      935.4
264         52     9    11      563.9      933.3
265         95     8    22     1504.9      940.2
266         63    12     8     1559.0      938.9
267         84    11    15     2777.6      943.7
268      27984   219   310     4822.6     1107.3
269         65    11     8     1368.2      948.8
270         60    12    11     1906.2      948.9
271         94    12    12     2008.0      948.8
272        106    13    14     2312.4      952.3
273         66    16     7     1575.9      953.2
274         64     8    12      617.5      957.1
275        104    15    22     2848.1      966.0
276        171    13    30     1396.8      973.0
277         53     9    11     3124.0      966.0
278        113    19    15     3205.2      967.1
279         63     7    13     3655.4      967.3
280         50    14     5     1158.7      964.0
281        109    16    10     1674.0      966.9
282         64     7    11     1954.2      966.8
283         77    16     6     2743.4      964.6
284         66     9    12      661.1      969.1
285         73    11    10     1509.4      971.8
286        140    14    22     4889.5      985.6
287        120    12    17      522.2      984.5
288         60    14    11      996.6      981.6
289        107    11    17     1723.3      984.8
290        122    12    13     2437.3      983.1
291         66    15     9      272.1      984.1
292        125    10    18      390.2      992.2
293         91    27    11     1483.5      989.6
294         52    15    10     1919.6      996.4
295         64     7    12     2402.2     1001.2
296         54    11     7      171.0     1004.8
297         61    10    10     2546.7     1008.8
298        110    16    12      555.5     1012.4
299        133    30     8     1125.4     1012.0
300         95    10    17     2070.5     1016.5
301         50    10     8     3029.4     1012.5
302         88     8    20     3257.6     1021.6
303        107    11    18     4746.3     1022.4
304         62     7    17      414.9     1030.1
305        203    24    16     1312.0     1029.3
306        107    26    10       92.9     1029.4
307        102    10    17     2119.4     1031.3
308         50     8     9     2723.8     1027.6
309         98    21     9     1011.0     1030.8
310         88    12    11     1655.4     1034.2
311        106    20     9     1765.0     1032.1
312         74    17     9      606.4     1043.2
313         93    21     7      796.0     1046.5
314         52    12    13      855.5     1050.0
315         89    12    12     2152.7     1050.0
316         88    10    16     3240.6     1053.0
317         76    12    14      393.2     1060.4
318        102    21    11     1157.7     1058.2
319         81     7    15     1658.6     1063.9
320         82    12    11     1939.5     1062.0
321        178    14    23     1973.3     1076.2
322         95     7    18      902.4     1079.4
323        127    14    20     1141.3     1083.7
324         64    11    14     2391.4     1080.4
325         87    11    12      475.0     1092.6
326         98    12    11      949.7     1092.6
327         55    11    10      188.5     1094.6
328         63    12     8      454.4     1097.3
329         66    13     7     1577.3     1098.2
330         75    11    15     1813.2     1105.5
331         92    11    12     1251.6     1112.9
332         86    11    17     1113.0     1118.0
333        137    10    20     1334.2     1119.0
334         72    18    10     1715.8     1115.5
335         58    12     6     2133.4     1124.7
336         70     7    15     2946.4     1128.6
337         86    18    10     1218.1     1128.5
338         50    10     7     1524.7     1127.2
339        124    26    16      237.8     1144.5
340         52    11     6     1475.1     1143.4
341         81    16    10     1399.2     1146.4
342         53    17     7     2396.6     1144.7
343         73    16    10     1988.9     1148.2
344         77    12    16     4721.4     1152.7
345         60    16     7     3386.0     1154.2
346        107    17    17      410.5     1160.3
347         61     9    13      571.3     1158.4
348         61     8    11     3275.2     1157.0
349         59    13     8      888.3     1158.2
350         76    14    12     2278.8     1159.3
351         69    11    10      314.7     1161.5
352         95    17    19     1849.0     1165.7
353         73     9    12     1221.1     1178.4
354         52    10     8     1924.8     1186.8
355         64     8    10     1559.5     1188.6
356         62    13    10     2609.3     1195.4
357         86    25    10     3329.9     1193.8
358         65     8    13     2858.1     1210.2
359         56     8     8     1349.5     1212.5
360         74    16     8     1320.7     1221.2
361         59     7    11     3331.8     1220.7
362         61    10     9     4814.7     1233.4
363        120    20    13     3262.0     1242.0
364         57    10     8     2490.8     1241.6
365         57    15     9     1322.8     1243.8
366        106    12    16     2116.8     1256.4
367        111    20    13     3499.3     1258.8
368         54    16     6      199.0     1259.8
369        120    20    11     1057.0     1268.4
370         51    11    12     1480.7     1274.7
371         63    15    10     1432.9     1275.4
372         60    10    10     3498.1     1275.2
373        858    82    37     4138.0     1289.1
374         52     7    10     4809.9     1274.5
375        113    22    11     1381.9     1283.9
376         74     9    15     2441.9     1303.6
377         51    12    11       78.3     1306.3
378         58    12     7      657.3     1308.2
379         59    13     7     4021.7     1320.9
380       7867   106   139     4901.8     1386.8
381        117    14    13      287.2     1333.2
382         63    11    10     1382.3     1333.7
383         51    15     6      817.9     1337.4
384         81     8    17     1259.1     1343.3
385       1882    76    48     4014.1     1356.2
386         56    12    15      464.9     1345.6
387         98    12    16     2390.5     1346.3
388        141    16    18     3448.1     1351.3
389         56     8     9      135.2     1349.0
390         53     7    15     1012.3     1353.9
391         63    11    10      984.8     1353.4
392         58    12     8     1897.7     1351.1
393        113    22    13     1594.0     1360.3
394        107    14    17     1371.0     1366.7
395        108    20    17      958.6     1368.1
396         66    16     8     1330.2     1364.4
397        100    13    13     2791.8     1368.2
398         55    13     7     2845.2     1365.0
399       5103   153   173     4276.9     1447.8
400         62     8    10     2551.4     1369.4
401         57    10    15      921.3     1378.0
402         82    10    16      986.4     1383.1
403         64    10     9     3478.5     1380.9
404         75     7    13     1336.3     1385.3
405        157    19    25       97.6     1393.8
406         91    12    11      610.0     1391.4
407         76    13     8     1253.0     1398.6
408         78    13    16      393.6     1403.3
409         52     8     9      777.2     1401.9
410         56     6    14     2764.2     1411.9
411         66    13    10       14.7     1418.5
412         80    15     9      710.9     1417.8
413         51     8     9      761.6     1418.0
414         89    15    17     1158.9     1423.3
415         71    12     8     2106.8     1417.2
416         69    10    10     1368.2     1422.0
417         53    10     8     1952.1     1427.1
418         61     6    13      548.5     1433.0
419         50    11     8     1554.0     1429.6
420         50    10    10      108.8     1439.3
421        137    18    17      635.0     1443.3
422         54    10     8     2030.3     1437.3
423         74     8    16      387.7     1447.9
424         50     8     9     1209.5     1443.9
425         57    12    10      277.1     1447.3
426         72     8    14      451.1     1449.6
427         58    12     7      744.6     1445.9
428         86    12    18      969.5     1451.5
429         70    13     9     3129.6     1449.8
430       1226    57    37     4623.5     1466.2
431        153    33    17      314.4     1466.4
432        167    13    26      391.5     1472.4
433         50     9     8      709.7     1464.7
434         54    10     8     3048.6     1468.1
435        162    17    17     2183.4     1479.8
436        113    17    19     1684.9     1483.5
437         53    11     9     3289.7     1486.0
438         80    14    13     2448.5     1490.9
439        108    10    15      688.7     1496.4
440         76    11    10     1454.3     1492.0
441         56     7    10      340.2     1497.5
442         51    12     7     2039.5     1496.0
443         92     9    16     2554.6     1498.8
444         71    17     7     2688.5     1496.2
445         89    18    12      243.2     1510.4
446         91    11    16     1782.0     1511.7
447         61    10     8     1162.6     1509.2
448         54    12     9     1065.5     1513.1
449         52    18     6      834.5     1521.5
450         57    10    13     1906.7     1526.8
451         65    10    10     1799.0     1528.1
452         59    12     7     2313.7     1526.3
453         71    12     9       41.2     1527.8
454        114    26    11     1569.6     1529.1
455         50    11     8      473.2     1531.3
456         56    10     7     1882.1     1532.2
457        157    12    20     3894.8     1538.6
458         91    20     8      258.5     1543.8
459         64     9    12      660.4     1556.9
460         59    16     8     3104.4     1554.2
461         54    10     8        5.3     1559.5
462         50    16     8      135.5     1574.5
463        150    24    20     1217.5     1586.1
464         71    19     8     1308.9     1577.8
465         59     7    16     3204.4     1588.9
466         56     8    11      682.4     1589.0
467        124    19    15      928.8     1589.8
468         63    11    12     1467.5     1592.2
469        101    14    10      744.7     1592.4
470         50    10    13     1848.6     1599.4
471         54    13     9      541.1     1605.2
472        101     9    14      969.6     1607.9
473         69    16     7     1998.4     1607.4
474         60    14     8     1289.3     1609.5
475        138    17    14     3877.3     1615.7
476         98    13    14     1064.9     1626.4
477         65    12    14     1341.3     1645.4
478         63     8    11     3467.6     1643.0
479        104    22    14     2703.2     1655.0
480         50     8     8     3017.2     1652.2
481         98     9    15     1011.9     1669.5
482         66     9    13      468.4     1670.5
483         54    12     6      177.7     1681.6
484         71    12     8       21.5     1684.9
485         55    15     5     1943.9     1685.0
486         54    12    14     1066.7     1697.8
487         50    12     9     2697.5     1696.0
488         61     7    14      820.6     1704.7
489         56    10     8      372.0     1703.1
490         64    12     7     1034.0     1702.8
491         97    10    12     3444.2     1717.8
492         69    14     8     3062.9     1722.3
493         52    14     7      886.5     1744.0
494         50    10     7       42.2     1752.8
495         60     7    13      357.9     1782.4
496       4467   146   110     4326.4     1830.0
497        173    32    10      206.7     1800.3
498         96    16    12     2794.1     1801.6
499     186718   764   578     2587.2     2084.9
500         55    11    13      953.1     1822.7
501         56     8    10     1049.5     1859.5
502         89    10    10     1224.4     1866.7
503         51     7    10      904.8     1906.4
504         97    12    18     1117.7     1939.0
505       8006   150   258     5399.2     2072.5
506         66    13     8     1351.8     1995.9
507         56    14    10     2146.3     2007.9
508         62    12    14      933.6     2049.4
509         59    13    13     2073.7     2049.1
510      23143   381   305     4098.3     2209.6
511        149    18    14     2713.2     2125.1
512         52     8     8     1283.3     2163.3
513         70     7    13     4044.4     2178.9
514         98    15    20     4056.6     2219.7
515      12747   179   196     5038.8     2385.3
516         67     8    13     2282.1     2353.7
517         96    12    18     3160.9     2371.4
518       8665   180   148     4051.6     2440.1
519        103    13    14     5129.0     2386.3
520         77    12     9      634.4     2391.5
521         54     8    11      595.5     2421.9
522         56     5    15     5006.0     2443.1
523        834    54    45     4268.0     2572.1
524         50     8    13       51.6     2557.6
525         66     9    14     2954.1     2667.5
526       3738    76   163     5430.2     2759.4
527         54    11     7     2729.3     2791.8
528       2735    86    67     3929.6     2820.5
529         56    11    10      180.0     2826.3
530       9433   192   225     4454.9     2958.9
531        106    19    14       26.6     3012.4
532         52    10    12      184.0     3013.5
533         53     9    14     1001.3     3064.6
534         55    11     8     1289.3     3109.7
535      10958   253   242     4275.8     3532.3
536       4976   121    97     4531.2     3487.2
537         56     7    12     4369.1     3581.2
538         52     8     9     1507.2     3638.1
