Flake Detection Statistics
==========================

Technique: v055
V threshold: 0.55, S threshold: 0.15
Hue range: 15.0-80.0
Min area: 50px
Open radius: 2, Close radius: 4

Total flake area: 131998 px
Total image area: 19961856 px
Coverage: 0.66%
Detected components: 83

Area stats: min=50, max=116928, mean=1590.3, median=94.0

  #   Area(px)  Width Height    CenterX    CenterY
-------------------------------------------------------
  1         61     18      6     4169.7     1172.6
  2        102     25      8     4245.2     1179.3
  3         55     16      6     4293.5     1184.7
  4        154     44     11     4371.9     1192.5
  5         64     15      6     4418.2     1198.2
  6        157     36      8     4472.8     1205.4
  7         87     22      9     4511.5     1209.3
  8        276     50     14     5220.4     1217.1
  9         77     23     10     4596.1     1219.3
 10        139     38      9     4709.6     1233.3
 11        349     67     17     5044.2     1237.5
 12         57     17      6     4784.3     1241.6
 13        117     18     14     4964.9     1244.3
 14        127     35     11     5105.6     1248.1
 15         56     16      8     4396.6     1711.5
 16        106     10     25     4446.6     1722.0
 17        125     18     33     4427.3     1770.6
 18         57      7     12     4408.2     1809.5
 19        100     17     11     4100.6     1861.3
 20        293     29     61     4336.6     1962.3
 21         71     10     14     4315.8     2006.6
 22       1161     58     48     3457.6     2038.6
 23         52      7     10     3906.1     2029.4
 24         64     13     10     3293.7     2062.6
 25        270     27     17     3434.8     2070.7
 26        135     17     21     3859.3     2088.0
 27         57      8     15     3431.5     2092.9
 28        169     22     15     3878.8     2104.4
 29        415     23     49     3245.2     2132.9
 30         70     13      9     2219.1     2155.0
 31        130     15     28     4207.9     2165.8
 32         50      9      8     4154.0     2217.2
 33         58     10     11     4166.9     2240.2
 34        163     22     31     4130.5     2294.5
 35        134     14     15     3110.2     2301.6
 36        679     87     95     4068.0     2370.4
 37         50     11      7     3982.2     2436.7
 38     116928    312    659     3062.5     2798.3
 39        301     25     26     4000.6     2495.7
 40         50      9      8     3331.8     2494.2
 41         76     24      5     3588.3     2515.0
 42         65     17      6     3659.4     2514.7
 43         55     15      6     3686.8     2514.3
 44         94     25      6     3740.8     2514.5
 45        166     30      9     3775.7     2515.9
 46         88     20      6     3491.6     2516.6
 47         56     12      8     3881.8     2519.4
 48         52     14      9     3897.6     2525.7
 49         63     11     13     3337.0     2543.9
 50        118     13     13     2218.2     2570.8
 51        246     27     32     2245.0     2579.6
 52         63     10      9     3358.6     2594.2
 53         94     15     11     2378.7     2602.5
 54         70     17     16     3382.9     2615.7
 55         69     13     11     2941.9     2626.9
 56         50      8     12     3405.8     2653.5
 57        114     16     20     3425.9     2689.0
 58        382     31     42     3466.0     2776.4
 59        146     25     13     3389.4     2812.6
 60        103     32     11     3381.7     2835.3
 61         67     18      8     2920.5     2900.1
 62         56      9     12     3599.7     3004.5
 63        205     21     25     2954.8     3017.7
 64        301     32     27     3535.3     3023.3
 65         64     12     14     3569.5     3046.9
 66         80      8     16     3514.6     3050.6
 67       3431    174    214     3428.9     3155.6
 68         52     10      9     3083.0     3068.4
 69         53      9     10     3528.2     3106.8
 70        150     25     31     3457.1     3205.4
 71        670     52     50     2922.0     3216.6
 72         58      9     11     3431.1     3238.8
 73         63     13      9     2939.6     3242.4
 74        118     17     23     3413.3     3262.1
 75         64      9     14     2924.4     3260.2
 76        161     26     33     3375.2     3313.5
 77         51     11     11     2852.9     3353.1
 78        146     18     24     3340.5     3359.5
 79         52     11     11     3325.6     3378.3
 80         71     13     16     3286.1     3431.9
 81         55      9     11     3265.0     3460.9
 82        172     20     35     3246.2     3494.6
 83        122     17     28     3227.2     3529.9
